1000
6 ((549,1742),(848,2084),(2655,1029),(658,2367),(2530,1575),(984,117))
5 ((2264,640),(2373,2820),(1224,619),(65,1482),(1511,2130))
6 ((1513,529),(1329,1535),(742,623),(746,1419),(500,2296),(1506,2173))
6 ((2786,2470),(1711,2183),(1029,966),(712,2134),(2095,1753),(663,463))
5 ((2777,1393),(1502,1590),(1059,2880),(1508,2016),(21,2019))
5 ((2493,2892),(2158,407),(1263,1082),(2716,1638),(2621,1763))
5 ((2507,2278),(118,181),(1348,2549),(2575,454),(269,955))
6 ((701,1612),(1032,422),(88,1130),(2099,2543),(2894,381),(718,1201))
5 ((1283,715),(1295,2794),(2193,774),(2558,1369),(1821,128))
6 ((2986,1913),(1145,1285),(1370,1033),(2206,438),(266,2381),(2358,619))
6 ((418,1865),(238,1015),(1605,672),(2570,851),(2705,2326),(1096,2478))
6 ((1266,2412),(2203,1040),(622,1387),(1327,121),(414,1693),(208,1528))
5 ((1821,2209),(1183,30),(401,1468),(1878,2813),(2858,1458))
6 ((1378,2912),(484,77),(53,1497),(2023,2279),(1857,801),(2682,659))
6 ((1392,2157),(2116,1986),(502,1630),(1917,2804),(1732,2361),(308,1331))
6 ((386,1651),(2351,2488),(2359,1851),(125,692),(2187,571),(1463,68))
6 ((413,1779),(2966,2580),(1799,1409),(2722,428),(1277,2138),(1470,2917))
5 ((1631,1248),(1333,2874),(1790,726),(2953,1021),(2496,2402))
5 ((1242,2752),(372,1474),(43,266),(2314,2127),(1258,1948))
5 ((2512,1656),(2103,281),(1591,1039),(1207,2843),(386,546))
6 ((405,2437),(76,1370),(289,1421),(2858,596),(173,1072),(1763,1850))
5 ((2282,2129),(2747,302),(2726,1391),(2190,1052),(2933,1826))
5 ((1509,2901),(1716,1965),(1598,1645),(99,2501),(1245,1181))
5 ((1456,2877),(1312,679),(2222,1017),(1704,737),(2692,1077))
5 ((1067,2885),(3,124),(2991,1703),(283,281),(2498,478))
6 ((277,394),(1932,481),(298,2278),(925,2230),(834,861),(1421,702))
6 ((1616,1811),(2662,875),(1401,463),(1800,2622),(2449,501),(1295,2445))
5 ((1830,1666),(462,2531),(2574,1018),(2191,1287),(1682,460))
6 ((607,2621),(1740,2660),(939,1454),(1617,1392),(424,1215),(1513,2951))
5 ((2083,1022),(1620,1117),(2364,1057),(95,2869),(1024,1642))
6 ((2832,796),(1021,1014),(2460,2880),(2279,896),(809,1911),(2934,2940))
6 ((692,1616),(947,74),(2664,282),(2415,2268),(662,1781),(1051,2800))
5 ((1815,1414),(731,2383),(2188,657),(800,1823),(491,2199))
6 ((608,1341),(1054,1420),(2675,378),(1804,2975),(1831,29),(1228,1839))
5 ((58,2182),(1541,459),(2234,341),(314,2166),(1695,473))
6 ((844,2447),(1342,2736),(426,2281),(1097,502),(2190,2696),(7,2215))
5 ((2822,1203),(2418,658),(500,2017),(2446,816),(1338,1410))
6 ((330,1556),(1268,776),(2321,2216),(1426,1756),(938,1151),(1436,2867))
6 ((206,1212),(179,1067),(1441,2951),(179,1154),(767,384),(2366,2338))
5 ((625,2380),(1973,528),(2899,2428),(1060,50),(684,2987))
5 ((2163,329),(464,99),(2535,2750),(615,2711),(1026,2458))
5 ((1072,2170),(2962,1807),(1932,1452),(1342,2863),(1808,530))
6 ((456,2147),(1036,657),(2096,1981),(1427,1421),(1053,1264),(2908,2428))
5 ((1337,2689),(778,1099),(1663,2313),(2108,1858),(1997,2917))
5 ((138,2882),(114,2895),(1245,2597),(2520,2984),(1725,421))
6 ((905,1441),(1144,1553),(1142,2604),(1807,553),(2442,2315),(2835,722))
6 ((1588,2352),(414,2110),(2843,1224),(1894,138),(812,957),(398,795))
6 ((130,2167),(294,1155),(39,1073),(2461,1511),(1128,1235),(1825,1311))
6 ((2663,78),(1487,2220),(483,1319),(404,2229),(2864,1751),(1309,960))
5 ((2234,1220),(2474,724),(1487,804),(1329,1666),(1423,1631))
6 ((1949,2494),(2837,2574),(1631,2606),(817,2623),(451,918),(464,2887))
5 ((2260,1713),(2134,1710),(2082,2637),(1777,1701),(300,873))
6 ((2382,2064),(2563,1743),(859,259),(1956,2426),(2362,1737),(1379,1443))
6 ((98,2078),(2806,978),(2145,1656),(1795,2810),(231,2435),(785,2139))
6 ((440,1587),(2149,2853),(471,1498),(2667,1099),(2991,537),(2374,1687))
6 ((1696,2845),(1523,1346),(1093,735),(304,241),(750,1881),(805,508))
5 ((2387,311),(1762,1194),(1885,1020),(2407,137),(173,2346))
6 ((546,1407),(2299,676),(1018,186),(718,30),(1974,1671),(385,2241))
6 ((2079,1944),(1233,933),(2448,1040),(2782,395),(1599,144),(194,1944))
5 ((153,657),(17,2499),(2092,352),(314,1785),(1171,404))
5 ((417,1532),(410,1840),(1091,2343),(1380,1403),(7,2936))
5 ((829,1982),(1947,1743),(2236,541),(446,235),(763,1379))
6 ((2279,1839),(2870,1344),(2060,2341),(220,1714),(638,1773),(865,271))
6 ((344,1369),(1567,1092),(2800,2227),(504,2137),(1239,1265),(1023,17))
6 ((1807,672),(551,1389),(1843,1274),(1427,2098),(494,1979),(319,2090))
6 ((330,2048),(722,979),(1824,341),(2239,1279),(2025,2110),(338,1216))
5 ((412,14),(119,2839),(2580,1315),(1615,2362),(1005,590))
5 ((741,2345),(229,1799),(2356,2382),(2092,2684),(1738,573))
6 ((2201,1076),(2098,2167),(617,2731),(75,512),(688,452),(1100,2322))
5 ((2470,2358),(1474,1761),(1264,739),(890,2129),(906,1312))
5 ((2912,1508),(2677,1004),(955,2217),(1977,691),(1368,1091))
5 ((2927,669),(648,1659),(2793,1719),(2173,1938),(545,611))
6 ((1848,751),(1256,1782),(2634,2245),(2838,1279),(1286,2415),(271,489))
6 ((760,2917),(2354,1692),(228,143),(2421,2224),(2716,817),(2343,393))
5 ((2769,2308),(1353,2261),(2018,699),(2878,2406),(2688,2145))
6 ((1115,13),(2949,1066),(2470,665),(1393,2725),(2734,339),(1713,2719))
6 ((2223,894),(449,2376),(2105,366),(372,2614),(2932,2602),(1012,2711))
5 ((2656,2285),(754,31),(122,2399),(2038,2129),(1032,1932))
6 ((1654,1959),(242,2296),(2130,1047),(572,1042),(1158,2579),(2848,189))
6 ((1075,308),(1617,1810),(582,783),(549,2204),(2522,279),(1105,590))
5 ((2906,651),(801,150),(1004,1523),(1610,121),(306,507))
6 ((2033,2265),(2773,2148),(1769,1911),(820,2896),(1402,2892),(2502,464))
6 ((1037,954),(856,2587),(2474,2992),(883,1691),(2654,1441),(1706,2901))
6 ((2803,434),(725,2230),(2891,1364),(1015,2070),(129,1730),(1489,2966))
5 ((1708,396),(2290,2521),(2276,1894),(2074,319),(259,1337))
5 ((2172,2298),(2936,1643),(7,2885),(1484,1794),(1236,1312))
6 ((1439,1909),(431,2013),(2074,20),(73,1234),(1805,776),(2021,2991))
5 ((1333,907),(2108,1299),(650,257),(891,2328),(1204,1624))
5 ((1021,2985),(470,2568),(599,2065),(1819,2617),(56,2457))
6 ((2595,100),(263,2705),(591,2434),(1119,2388),(1344,106),(1931,1562))
5 ((2985,1316),(2230,2193),(1199,1403),(555,1944),(135,2103))
5 ((1872,2042),(1810,2299),(1496,1123),(1140,2957),(2362,1801))
5 ((1175,477),(2820,134),(1792,2382),(2843,243),(831,1182))
6 ((833,961),(228,1451),(642,1018),(1144,2421),(1307,1005),(1266,1822))
6 ((2906,1945),(1584,1501),(2965,1811),(509,1760),(1046,1958),(993,958))
5 ((1591,561),(838,1654),(286,823),(1561,2400),(1902,2873))
6 ((1652,1666),(2632,1648),(1481,916),(1828,1144),(1687,175),(729,1322))
5 ((2301,2291),(472,2406),(1034,2845),(1238,1579),(530,1402))
5 ((1057,1589),(1177,1077),(774,741),(1172,2491),(2956,2078))
6 ((1776,1592),(1522,2986),(2486,2131),(483,1666),(1190,2892),(1569,2515))
5 ((138,273),(161,2808),(1743,2663),(2509,584),(143,2571))
6 ((2116,1723),(2328,2472),(928,2846),(186,1786),(2504,1604),(704,8))
6 ((2456,1367),(2480,1426),(2370,503),(2528,1397),(1500,1548),(2905,2498))
6 ((2203,824),(1491,7),(1248,7),(2022,295),(2349,943),(2303,48))
6 ((2121,234),(253,1042),(2930,2874),(924,1632),(455,2440),(1219,2698))
6 ((1563,2549),(2504,1044),(1048,2797),(2507,2044),(2842,2283),(1207,2588))
5 ((874,463),(1904,475),(304,1707),(2081,1440),(1340,2685))
6 ((1650,1091),(1097,641),(2799,235),(2511,2188),(2145,1637),(2854,1293))
6 ((2870,2153),(420,1230),(1707,2052),(1582,2213),(404,1638),(1355,2868))
6 ((2536,2056),(1300,3),(766,2840),(589,991),(197,2403),(1475,2360))
5 ((2460,2427),(570,928),(1553,2),(519,211),(328,2629))
6 ((1245,2682),(559,270),(1909,1526),(339,1716),(1409,274),(2155,24))
5 ((43,2295),(343,1727),(1984,1152),(1116,1631),(929,455))
5 ((1293,127),(1456,615),(2774,2118),(2263,2397),(285,1042))
6 ((1110,457),(95,392),(963,1269),(2337,626),(1096,2280),(2863,2532))
6 ((812,750),(1982,2178),(2026,814),(1237,850),(1068,2677),(2832,981))
6 ((1512,378),(1905,1532),(2861,106),(1449,2738),(1470,1577),(635,561))
6 ((392,1962),(1054,2005),(752,1077),(905,1101),(2243,2296),(1259,2120))
5 ((2366,1318),(538,2646),(1003,1518),(586,938),(1430,1972))
5 ((848,2144),(1556,420),(313,89),(1428,2917),(172,1203))
6 ((576,467),(234,95),(1224,2726),(1254,1127),(2637,2654),(1478,2754))
6 ((1631,2992),(491,1570),(125,284),(801,2924),(2568,364),(308,1039))
6 ((2216,2651),(1060,2006),(2272,2028),(930,1466),(2874,106),(1966,192))
6 ((966,113),(1152,340),(581,2200),(2216,1486),(2057,817),(884,2015))
6 ((1890,2373),(2814,2082),(613,1292),(2967,1042),(2803,843),(2502,2550))
5 ((1821,2017),(2497,2384),(973,1174),(2362,1536),(98,2044))
6 ((2516,1258),(2259,1719),(212,2080),(717,2207),(911,1019),(734,1104))
6 ((1285,923),(681,1288),(659,1225),(1349,322),(2315,1064),(496,961))
6 ((2752,448),(2770,1361),(2334,1710),(2991,1787),(1510,576),(2704,1820))
6 ((1805,180),(2280,781),(2423,1455),(2356,2506),(388,1550),(251,185))
6 ((243,2776),(858,1183),(691,1345),(2598,1573),(292,2212),(2595,1887))
6 ((1346,270),(927,2044),(2628,668),(390,860),(1384,2359),(2018,1488))
5 ((2070,1014),(2114,691),(959,84),(923,2953),(1971,1192))
5 ((721,1188),(1705,2486),(1969,855),(1629,231),(1998,1100))
6 ((336,2783),(1884,1942),(930,1935),(2221,837),(2187,1847),(2569,2306))
6 ((1343,115),(2810,2223),(1011,2804),(1683,1014),(1410,1329),(1329,138))
6 ((1030,1795),(1652,2421),(1819,2604),(795,1801),(2187,1116),(1853,2055))
5 ((1096,2551),(479,2207),(64,435),(938,2399),(2455,1397))
5 ((1461,1097),(341,2547),(2924,2185),(2194,744),(1151,677))
6 ((760,1678),(2177,109),(724,2436),(147,2814),(984,1570),(411,2884))
5 ((1467,851),(2874,835),(2374,2277),(1118,1781),(2010,2467))
5 ((1514,2534),(617,1850),(2717,125),(2140,1549),(458,71))
6 ((1319,725),(2128,1180),(2185,675),(2576,2877),(2418,2531),(1985,2469))
5 ((90,2823),(1769,1925),(1517,1023),(1841,2177),(1082,1379))
5 ((571,134),(859,946),(228,1234),(776,1658),(2687,1593))
6 ((1501,1163),(1324,339),(247,1838),(1707,781),(1259,1091),(2734,1918))
6 ((233,462),(1302,1078),(2553,229),(2698,2160),(1087,2824),(1270,2923))
6 ((1564,2081),(195,475),(2585,410),(422,228),(918,814),(2198,825))
5 ((1251,1676),(2760,1091),(2729,1204),(778,1605),(952,1957))
6 ((133,2053),(1021,1999),(779,171),(1292,1264),(2600,305),(625,2704))
6 ((1613,1597),(1616,2958),(893,2993),(2912,988),(775,808),(2288,2165))
5 ((2665,1142),(2982,229),(1708,1088),(879,1466),(1700,1201))
6 ((2986,1058),(2252,2092),(1843,1132),(2041,1107),(751,1238),(2288,1209))
6 ((1346,941),(944,2884),(1042,1475),(36,355),(955,1890),(11,1248))
6 ((1331,2552),(1644,1721),(1236,758),(2443,2943),(649,2721),(2737,2629))
5 ((91,1725),(2817,2136),(2495,785),(411,72),(2185,1433))
6 ((1484,100),(1910,1771),(1197,2759),(7,2821),(2536,2550),(1462,1689))
5 ((2060,716),(264,1857),(2893,39),(1474,1008),(348,1776))
5 ((2809,637),(1128,542),(2080,1017),(2762,542),(2727,2763))
5 ((2477,1096),(71,475),(444,1930),(2977,722),(1546,316))
5 ((1001,1267),(2674,1258),(813,14),(2713,1712),(234,412))
5 ((373,1888),(931,2450),(418,300),(481,965),(1787,545))
5 ((749,2355),(2147,651),(1416,1448),(436,1357),(2961,765))
6 ((2740,1407),(1189,1450),(379,2818),(2174,2700),(2960,2137),(208,472))
6 ((2146,2178),(1473,1916),(283,1337),(183,551),(809,1713),(2306,633))
6 ((2313,159),(2701,328),(1262,255),(858,196),(2897,2806),(1974,1978))
5 ((2071,657),(2843,2467),(550,586),(614,2118),(325,858))
5 ((2838,968),(1431,1237),(1099,2488),(2863,2011),(2391,49))
5 ((403,2277),(1178,1661),(783,2737),(1494,39),(960,2190))
5 ((2132,2724),(432,1577),(2918,1502),(1906,1300),(855,216))
6 ((2229,1894),(804,1611),(311,1228),(1780,986),(622,2124),(2927,1508))
6 ((1483,1790),(1774,2915),(2017,2126),(2233,1491),(2828,707),(1060,2289))
5 ((1666,1462),(640,580),(1864,1459),(2575,1370),(1165,2133))
5 ((1057,872),(2794,2159),(2666,959),(2060,2194),(2700,2141))
5 ((303,2703),(416,456),(2750,1346),(2467,237),(2010,1600))
6 ((2912,1559),(1487,893),(2387,1578),(304,2834),(218,2732),(933,1838))
5 ((2373,1246),(2077,701),(1870,1295),(2946,2537),(242,341))
5 ((85,1141),(95,27),(1887,825),(2577,1227),(364,1502))
6 ((326,2663),(2150,1955),(2138,1188),(1569,622),(881,2405),(2871,2998))
6 ((675,2161),(2474,1923),(1076,200),(661,432),(1609,623),(911,1102))
6 ((42,2739),(576,1560),(847,37),(2291,1994),(468,1100),(1799,237))
6 ((2473,2717),(1282,256),(1878,2280),(1848,1503),(1603,133),(2330,24))
5 ((26,2529),(2553,541),(169,2080),(1177,357),(1435,1340))
5 ((2912,1608),(1102,1650),(1558,139),(2468,1414),(1756,1272))
6 ((1998,2422),(1122,1532),(1521,1170),(1020,549),(1688,447),(253,993))
6 ((167,1631),(794,1224),(531,810),(1192,469),(79,2003),(2537,1564))
5 ((2997,1856),(2433,2007),(1411,2242),(1412,1373),(1014,647))
5 ((799,2023),(1024,1782),(2037,496),(1923,377),(974,2034))
6 ((2522,1924),(2246,317),(859,2901),(737,1538),(2222,381),(761,2169))
5 ((2065,2419),(2247,1532),(491,54),(318,1725),(1717,784))
5 ((393,1696),(1448,2190),(833,1360),(1051,115),(1987,9))
6 ((1536,71),(318,744),(1352,7),(2281,2281),(2151,2527),(530,393))
6 ((942,782),(2478,2455),(2203,1075),(2091,1812),(2754,1592),(2725,248))
6 ((495,1797),(1869,1054),(427,669),(175,2749),(2813,2257),(112,2716))
6 ((991,197),(1089,1846),(1371,1114),(1900,2813),(2846,2913),(1100,227))
5 ((123,465),(1621,499),(676,2891),(2123,116),(1586,1308))
6 ((2878,2218),(685,1194),(1334,992),(234,1869),(929,1607),(2147,43))
5 ((1550,2880),(1376,1129),(1535,457),(911,1517),(1796,1050))
5 ((668,1636),(2723,2311),(1816,2289),(2100,2865),(1332,48))
5 ((1628,1793),(2987,2651),(322,298),(1855,524),(2633,2975))
6 ((58,2509),(911,2378),(778,902),(1702,2765),(59,1038),(1269,2647))
5 ((2590,2931),(433,1210),(1522,1393),(2929,184),(363,2032))
5 ((1788,2),(2499,1480),(1420,2862),(173,2992),(2796,2826))
5 ((709,659),(1992,538),(1017,504),(2400,1930),(2426,1599))
6 ((2684,2324),(188,61),(786,719),(2483,2535),(1162,684),(2778,1252))
5 ((2167,2700),(2497,2298),(708,982),(1423,1222),(1092,2400))
6 ((2355,958),(2315,2039),(579,2601),(192,1542),(797,2421),(1638,2689))
5 ((576,2427),(2114,2527),(2965,776),(1485,1266),(2315,1568))
6 ((2511,1270),(979,1990),(1049,133),(161,558),(1973,1135),(1512,958))
6 ((1242,2452),(710,805),(628,971),(660,2552),(2751,662),(1731,2823))
5 ((168,2287),(1924,140),(350,2795),(207,1897),(302,107))
5 ((167,1114),(2426,1977),(1666,2042),(2080,2845),(179,1685))
5 ((81,1013),(2855,2371),(116,2033),(1941,1130),(102,733))
5 ((937,2654),(1699,1187),(1896,615),(722,465),(2438,444))
5 ((2717,1282),(1663,90),(1977,1465),(1379,524),(1296,333))
6 ((216,920),(1485,2060),(926,2402),(2976,410),(2053,856),(2285,202))
6 ((906,2469),(2187,1745),(1266,2020),(572,1324),(2229,199),(1295,571))
5 ((1182,1598),(1009,90),(2496,1640),(2235,2673),(208,1283))
6 ((1110,670),(2195,2248),(1258,2967),(768,1236),(2360,2277),(1933,1647))
6 ((2486,1373),(2429,9),(2945,228),(1442,416),(1499,119),(598,1922))
5 ((2476,2458),(1889,2193),(1142,2612),(175,2919),(2488,523))
5 ((2197,1347),(1017,2965),(2421,2403),(1945,1813),(126,2945))
5 ((244,507),(1965,1327),(1370,2939),(2902,277),(45,1170))
5 ((501,1902),(1674,2847),(2451,2094),(869,2396),(1165,1620))
6 ((844,2316),(820,1127),(2631,2471),(1771,1247),(1267,1214),(1269,2970))
5 ((1607,1192),(1111,1116),(484,2042),(2605,668),(1428,1437))
5 ((2664,1284),(622,1584),(2312,1941),(2274,2019),(2184,1785))
6 ((2752,1075),(639,76),(451,913),(2013,2328),(2920,2467),(2564,2243))
6 ((163,1394),(2202,2649),(1189,2629),(2837,188),(1733,2305),(1406,1845))
6 ((847,1137),(1095,2802),(142,627),(2800,341),(2308,2452),(2434,516))
6 ((2692,2233),(852,1717),(2376,520),(2753,842),(1814,1743),(517,2482))
6 ((789,231),(561,2520),(777,1387),(93,166),(722,1621),(995,400))
5 ((1227,1905),(2703,418),(2191,2311),(1837,35),(2377,2519))
6 ((2041,2839),(2783,2858),(1439,2212),(2015,1440),(2442,942),(2828,2698))
6 ((2760,1957),(1575,822),(2645,2203),(2592,2365),(1171,1365),(1745,2087))
5 ((793,1371),(1359,1356),(228,2987),(2701,54),(1137,1700))
5 ((1673,2088),(2231,778),(2931,678),(1464,824),(1711,805))
6 ((107,802),(146,58),(365,428),(1021,131),(2928,1831),(1497,1165))
6 ((2325,1879),(887,1886),(2120,1428),(2369,1586),(2104,2496),(549,679))
6 ((365,1954),(2190,1117),(577,30),(2714,2449),(1337,197),(606,2619))
5 ((333,2110),(2312,270),(1388,1684),(2824,82),(2615,2876))
5 ((2973,434),(894,2080),(2087,1361),(1616,874),(1162,136))
5 ((2376,1363),(520,2862),(798,910),(2245,177),(1601,2937))
6 ((1106,102),(2557,1373),(547,2125),(1329,719),(2454,27),(680,217))
5 ((1758,634),(388,205),(2549,2959),(2502,2470),(2712,678))
6 ((2045,1189),(1631,1799),(1908,2363),(1621,1762),(1339,2082),(828,1673))
6 ((1488,2262),(1306,1135),(105,720),(328,1837),(2163,1838),(1130,864))
6 ((1316,1216),(442,1825),(2881,1451),(2631,1710),(1642,668),(2996,2637))
5 ((1865,2460),(2531,780),(633,1980),(1775,1379),(1135,1454))
5 ((1495,1522),(1930,913),(2660,2405),(824,2976),(442,2701))
5 ((2282,2730),(2452,2470),(1373,1103),(334,2296),(1238,1960))
6 ((2738,1790),(2266,1911),(1881,442),(602,832),(1913,2256),(1520,2245))
5 ((2759,734),(1141,804),(197,1081),(1410,2157),(2733,474))
5 ((332,2906),(1337,854),(754,2507),(263,2537),(2550,2104))
6 ((2301,873),(223,1259),(622,853),(323,1107),(2301,656),(305,1712))
5 ((684,368),(937,749),(1374,2046),(1895,1376),(429,645))
5 ((2891,1021),(513,424),(2598,587),(2353,1870),(2535,570))
6 ((2905,1427),(2912,757),(1636,1954),(2078,1530),(797,739),(2298,574))
6 ((2589,1637),(511,2441),(561,2848),(1903,2232),(1770,2241),(1759,1747))
5 ((637,1302),(89,1444),(2027,2831),(1992,1066),(1772,2163))
5 ((1577,1026),(2951,1589),(2044,2178),(1461,455),(869,2449))
6 ((1315,1687),(1537,2672),(1825,2553),(2351,1513),(2862,109),(1177,162))
5 ((1470,1407),(2497,1736),(1387,2073),(2344,675),(444,2016))
5 ((451,1782),(640,816),(1907,2305),(1516,695),(1606,1053))
5 ((2738,987),(2750,2503),(2694,1782),(1510,2258),(2830,140))
5 ((815,2035),(337,149),(321,2067),(2235,1863),(554,1074))
6 ((838,1042),(1910,247),(1757,1605),(1116,2636),(1879,2190),(1016,1877))
5 ((878,2420),(212,1817),(1567,2523),(1707,1976),(1723,1018))
5 ((2053,2884),(2618,416),(2949,561),(664,1807),(816,228))
6 ((961,2693),(1446,662),(2937,2115),(980,2152),(262,2706),(1305,963))
6 ((59,1778),(2097,1422),(2653,368),(2661,624),(2137,1410),(44,2904))
6 ((2004,871),(1166,589),(1299,2979),(2988,2008),(1610,1989),(2310,747))
6 ((1516,2748),(1423,1662),(372,2101),(1707,254),(765,1061),(1037,2695))
6 ((1487,1139),(1177,734),(263,226),(1951,1414),(2451,1052),(715,2980))
5 ((289,410),(2258,1872),(2182,81),(2379,352),(450,1492))
5 ((1933,2997),(1285,897),(2358,357),(329,1884),(239,1645))
6 ((65,1970),(1252,236),(2249,2949),(705,2250),(317,966),(2920,2051))
5 ((2824,839),(1289,1199),(1950,1900),(1325,52),(2174,1357))
5 ((1723,332),(2857,1022),(2607,905),(983,2767),(1684,536))
6 ((1984,2199),(487,1330),(2701,2612),(1097,607),(805,2680),(758,1535))
6 ((1911,820),(1539,1111),(2345,2232),(1144,2097),(620,2402),(1655,1256))
6 ((2176,2714),(1296,202),(2205,846),(1573,1725),(1815,1202),(550,837))
5 ((202,871),(1157,912),(2173,1250),(125,2893),(2421,448))
5 ((417,1789),(137,2780),(2631,2667),(532,1024),(772,1718))
5 ((42,431),(2454,2073),(588,2365),(1724,2501),(871,2181))
5 ((1665,407),(1109,2917),(340,1485),(493,739),(541,2831))
6 ((239,1437),(539,1344),(2327,1658),(397,363),(164,2523),(1954,2839))
5 ((360,2351),(2793,1429),(339,2277),(2486,1380),(918,968))
6 ((1762,1210),(1101,2671),(1642,2876),(1830,420),(1903,2476),(2780,585))
6 ((2777,1963),(2507,2864),(377,789),(1085,1070),(2302,2506),(698,205))
6 ((379,2449),(1557,1215),(1960,2892),(1837,2829),(2901,1130),(1547,2856))
6 ((1909,2584),(73,2129),(2999,1881),(2986,2340),(2008,2586),(1518,2519))
5 ((1828,299),(2729,2553),(2797,2929),(2200,1383),(2894,876))
5 ((2690,430),(621,1970),(794,240),(1319,2851),(2164,2236))
5 ((668,1144),(147,1995),(96,761),(1931,1624),(2708,2036))
5 ((1136,1964),(2718,1900),(1643,2014),(376,2140),(119,1654))
6 ((663,338),(2212,2496),(1650,1214),(943,85),(2052,400),(410,2742))
6 ((2259,2316),(1596,1123),(2175,2673),(1643,956),(2243,2694),(1459,1122))
6 ((2747,2195),(2746,835),(1420,2507),(551,2728),(1799,295),(1603,449))
5 ((2249,277),(2699,1644),(221,2152),(1225,537),(767,2497))
6 ((405,1332),(2477,694),(430,2913),(1116,1617),(2347,2490),(1303,540))
5 ((825,619),(2600,36),(1427,1724),(1507,1765),(2957,2419))
6 ((2876,2334),(305,93),(2316,1465),(1884,273),(2087,2862),(1811,2449))
5 ((2537,1606),(2278,1260),(568,1426),(2673,193),(2281,2811))
5 ((814,255),(741,1822),(734,2066),(2246,2066),(2293,1966))
5 ((99,34),(1051,1077),(208,2201),(2896,2346),(226,2136))
5 ((41,1723),(89,23),(725,2879),(2318,1406),(308,1547))
5 ((2951,922),(2706,2427),(2510,421),(976,2499),(2717,1398))
5 ((2213,2759),(1970,131),(478,2588),(151,418),(1041,1828))
6 ((2265,75),(696,2309),(1354,2917),(2175,1240),(768,1577),(1886,506))
5 ((212,2837),(2642,60),(1488,740),(2769,2586),(2588,1586))
6 ((542,2971),(446,2275),(1899,2516),(2944,2556),(1030,2175),(1321,1793))
6 ((1428,446),(424,1866),(1196,1936),(2722,676),(642,910),(25,2107))
5 ((865,2418),(1889,1512),(2297,856),(2661,1419),(1958,644))
5 ((850,1475),(2428,1869),(2913,530),(2043,2368),(1441,316))
6 ((2134,1832),(639,1615),(2,1),(2083,2318),(1379,354),(369,2521))
5 ((476,310),(709,994),(2448,247),(2108,1764),(2164,568))
6 ((1827,588),(2817,869),(127,2997),(480,57),(2208,2951),(521,1216))
6 ((1504,369),(2396,2958),(934,1575),(1849,1321),(2418,1455),(2949,1814))
5 ((273,174),(1217,2963),(2397,2885),(1475,469),(91,731))
6 ((579,209),(1264,1818),(1891,2209),(1724,1239),(1598,496),(192,1053))
6 ((2715,1538),(253,1846),(1379,2256),(2522,1489),(1602,76),(427,2234))
6 ((2998,801),(2703,2317),(291,505),(778,1548),(2775,1072),(161,163))
6 ((2641,2568),(1986,1024),(828,1887),(2237,372),(2204,1397),(1666,1058))
5 ((216,2225),(1800,836),(2415,521),(1194,976),(2770,461))
6 ((466,487),(2400,21),(1830,768),(1739,2049),(1676,2484),(1134,1579))
5 ((2960,1815),(2163,2779),(902,465),(3,1334),(119,1779))
6 ((2740,2101),(416,128),(1303,2257),(2478,1215),(182,2500),(2653,2086))
5 ((2243,2007),(236,430),(2630,2737),(967,1725),(967,1915))
6 ((2017,2680),(2613,2741),(1775,950),(2056,2532),(1138,1786),(422,2273))
6 ((2760,1274),(313,2788),(2527,2687),(2213,2693),(2198,2515),(354,2741))
6 ((775,1362),(478,345),(272,2439),(1419,524),(1433,2743),(1157,2482))
6 ((755,1935),(1871,1082),(1051,2434),(2222,2217),(1716,2043),(776,79))
6 ((2962,2722),(1090,335),(1624,1129),(2215,1933),(2481,2174),(868,2912))
6 ((2578,162),(582,2768),(55,23),(571,1772),(1367,1408),(826,2068))
6 ((1192,944),(958,767),(1445,481),(768,2588),(2779,902),(967,2960))
6 ((1283,1837),(198,1524),(1095,2198),(40,2306),(1892,1009),(358,721))
6 ((2961,792),(253,2491),(2211,191),(2043,198),(1600,2559),(466,872))
5 ((2677,82),(1071,1875),(1742,1013),(1323,1175),(1278,1269))
6 ((565,2103),(2797,699),(1265,1220),(1554,1243),(186,2370),(1796,552))
6 ((1124,870),(741,2151),(2465,1149),(2422,399),(1507,1015),(2794,2240))
5 ((339,669),(2155,260),(674,1131),(717,747),(808,393))
6 ((2805,2995),(2108,877),(2798,1439),(36,1785),(2373,2539),(337,1787))
6 ((787,2131),(2159,29),(1206,455),(2047,765),(173,1358),(2856,1922))
6 ((976,2708),(2831,2734),(1048,2803),(364,2105),(2771,332),(2564,2389))
5 ((108,917),(2853,2649),(835,588),(241,1335),(1692,38))
5 ((2004,2390),(2991,482),(2271,1180),(872,2086),(912,2657))
6 ((2282,1755),(1958,1803),(710,198),(188,526),(1400,2664),(2183,2555))
5 ((602,2134),(836,1993),(2227,29),(2053,485),(393,1420))
5 ((1540,2830),(2111,2808),(137,1809),(153,1110),(2143,1984))
6 ((1104,25),(854,2263),(259,711),(1494,1843),(530,1068),(2769,1469))
5 ((1836,1384),(404,1125),(2491,2823),(2451,415),(369,346))
6 ((153,2497),(1651,2365),(2355,1543),(662,2495),(2994,2513),(1662,2658))
6 ((1260,164),(289,791),(368,1119),(2681,633),(939,2194),(2820,2896))
6 ((571,2019),(223,1721),(1879,1816),(628,1518),(295,1142),(1879,2502))
6 ((117,1313),(1815,415),(884,1417),(1763,1057),(2686,147),(2361,1356))
6 ((1131,731),(743,175),(1868,1360),(1392,1521),(1649,616),(44,2726))
5 ((1984,522),(2001,1115),(115,790),(541,1887),(1970,2290))
5 ((993,1239),(931,1842),(2201,606),(459,2612),(2137,2028))
5 ((2396,114),(1069,2608),(1628,633),(371,402),(1678,1651))
6 ((2645,2043),(1628,190),(1762,1392),(1163,545),(494,2442),(980,127))
6 ((721,2829),(2991,897),(1930,2079),(1548,1357),(2262,1888),(1910,1931))
5 ((2682,372),(1065,1478),(1183,282),(1210,2668),(532,345))
5 ((1010,702),(1344,30),(1245,894),(1273,2909),(307,2096))
6 ((412,538),(2041,187),(2521,1255),(2586,1177),(1760,2538),(176,264))
6 ((1648,606),(1780,2119),(1000,2554),(804,2327),(323,412),(541,457))
5 ((129,1959),(1020,244),(1886,455),(1494,576),(1771,1449))
6 ((1530,1147),(1642,2165),(1117,2294),(1951,2606),(1095,1141),(731,29))
5 ((1116,272),(1130,2523),(2868,585),(294,752),(746,375))
6 ((2308,353),(136,2395),(552,1718),(2371,2088),(2511,1991),(734,1022))
5 ((2479,181),(2273,2919),(1411,626),(1656,2934),(1227,671))
6 ((1000,2569),(2573,850),(2210,2080),(1745,2469),(174,361),(1540,2745))
6 ((1561,2968),(149,310),(2262,2803),(1525,2611),(321,488),(1218,575))
5 ((1904,1224),(1759,1126),(1220,587),(2334,1062),(77,563))
5 ((1804,245),(530,2147),(1452,1292),(1770,523),(2574,2954))
5 ((2215,1731),(2614,663),(68,2992),(963,792),(1000,1328))
6 ((1291,347),(2472,844),(917,1168),(2506,2804),(410,2018),(1853,2108))
5 ((2996,396),(1227,1281),(1809,2887),(880,109),(1296,2216))
5 ((2159,2452),(62,898),(2092,1497),(2099,820),(348,907))
6 ((195,209),(784,2980),(2495,1575),(2048,1633),(1016,1770),(491,2548))
5 ((2973,210),(2182,1279),(671,2466),(197,137),(375,234))
6 ((178,2142),(934,2055),(1957,1023),(1928,2450),(647,2515),(2786,1058))
6 ((1576,1894),(1514,312),(825,2362),(1499,2604),(2384,168),(1812,3))
5 ((221,1584),(1854,90),(76,2610),(598,1649),(60,2011))
6 ((1979,2167),(2145,2157),(2368,2353),(497,25),(326,1503),(2922,2475))
5 ((398,2793),(2872,879),(1118,2087),(2986,1239),(727,2183))
5 ((1402,2322),(2236,2827),(2286,742),(1927,2813),(2421,1122))
5 ((1102,2327),(1758,1130),(505,673),(1577,1700),(1897,178))
5 ((2082,2996),(2562,1090),(1311,143),(979,2534),(505,1741))
5 ((1078,884),(1725,1185),(2538,1636),(1793,507),(348,1565))
5 ((1257,2060),(316,571),(2711,1925),(494,71),(525,1242))
6 ((842,2916),(2015,152),(474,2730),(1120,953),(613,243),(1804,509))
5 ((1935,946),(980,2587),(940,2548),(1477,2274),(1202,1070))
6 ((2776,1295),(1774,1803),(2763,433),(2323,876),(186,2642),(887,803))
6 ((425,2491),(1222,1057),(289,1553),(673,2672),(2475,777),(781,173))
6 ((1439,2486),(1234,196),(2401,842),(576,2465),(1215,1417),(2978,2680))
6 ((835,1170),(2155,1109),(2431,1093),(643,229),(1387,1139),(1835,2379))
6 ((851,372),(116,1362),(1017,1809),(2886,837),(21,2203),(483,552))
5 ((70,2366),(552,1223),(1654,391),(2159,283),(2167,744))
6 ((1690,1214),(944,1593),(584,2941),(2244,2651),(1955,475),(2418,1376))
5 ((182,877),(2941,1095),(190,2709),(2311,2092),(2833,448))
5 ((2912,2464),(1601,688),(1325,2857),(2449,2896),(333,1467))
6 ((939,2453),(2963,470),(2784,1002),(2476,819),(1665,1494),(1844,852))
5 ((1684,1941),(252,1755),(384,1418),(2212,348),(1486,542))
6 ((2873,293),(1331,2032),(869,2983),(641,1963),(250,610),(158,1867))
5 ((1377,204),(2634,1384),(160,2242),(2601,678),(991,605))
5 ((1853,114),(1316,2140),(273,1883),(2253,1939),(2751,773))
6 ((1614,906),(2885,390),(1663,1299),(704,773),(2711,2339),(2280,697))
6 ((1675,1065),(753,2937),(493,1180),(2441,2451),(1836,502),(1665,2126))
5 ((2919,376),(145,2813),(1988,1658),(1537,2050),(2131,264))
6 ((1666,1524),(1582,1613),(2599,2998),(2643,2123),(2080,10),(673,745))
5 ((806,2252),(2456,477),(2106,2421),(2904,1538),(2794,2665))
5 ((1120,1152),(811,2592),(702,433),(1273,778),(410,162))
5 ((1605,1266),(1531,2304),(1910,1768),(1975,2887),(1767,860))
5 ((1088,1576),(2241,2828),(2050,729),(2905,2867),(28,5))
5 ((1286,1329),(2514,2084),(1365,1269),(552,1168),(2512,774))
6 ((2329,787),(2398,2548),(1840,657),(2198,1920),(1392,1085),(2101,1461))
5 ((2725,2650),(936,2425),(991,2281),(1600,2161),(2843,465))
6 ((1440,349),(1900,2724),(1319,1404),(1319,408),(2018,1017),(1141,2037))
6 ((1877,169),(235,1193),(155,2608),(2180,1988),(1458,899),(1514,2182))
6 ((1576,1823),(1072,2629),(247,1197),(1059,2105),(2807,424),(2130,80))
5 ((2068,1731),(1907,1375),(2916,2509),(2328,1588),(2189,1363))
5 ((879,2375),(1772,2735),(2644,2027),(1349,1617),(689,402))
5 ((2255,575),(2267,2962),(1565,67),(2847,1832),(717,1539))
6 ((517,2139),(115,1657),(1736,1052),(2311,2956),(702,2496),(1381,0))
6 ((2631,328),(779,2281),(1646,1083),(2376,928),(2028,171),(1724,1846))
6 ((833,1928),(1184,2808),(2081,501),(2589,760),(2875,821),(2334,1195))
5 ((2989,1066),(633,707),(899,2293),(1456,295),(2264,1666))
5 ((2815,1941),(1097,1220),(2136,1377),(1992,2682),(984,2148))
5 ((2138,1419),(275,2435),(2759,2768),(448,1639),(501,986))
5 ((2625,2492),(2574,658),(2932,568),(1627,1496),(1230,2658))
5 ((1014,744),(1215,822),(882,1624),(979,517),(1047,474))
6 ((2351,1241),(1258,780),(880,2258),(2402,132),(1090,2802),(1120,65))
5 ((144,1569),(2504,2043),(56,902),(566,2097),(2955,2881))
5 ((1552,2646),(1458,2301),(1428,2588),(935,1908),(1312,1860))
6 ((545,1469),(97,2358),(2142,2896),(1039,2792),(2455,1500),(2157,484))
5 ((2922,1550),(2126,453),(433,1810),(57,2577),(2742,371))
6 ((2376,2673),(892,1945),(2634,1310),(2694,2984),(1003,2075),(2103,562))
5 ((1900,2079),(562,2989),(2596,2807),(113,2525),(1614,370))
5 ((297,1367),(1927,292),(1777,1962),(327,2259),(619,2155))
6 ((1161,1922),(2920,2885),(157,279),(2332,1753),(310,1730),(1517,1324))
5 ((2794,1327),(258,600),(2878,1508),(901,1604),(2309,2121))
6 ((1683,1685),(2430,1894),(2885,663),(837,2074),(2072,1826),(328,2032))
6 ((1807,1917),(1658,2444),(2525,303),(1113,2682),(1854,317),(1890,2437))
5 ((1156,2058),(1420,2561),(30,2493),(611,2283),(2496,1204))
6 ((1411,549),(82,2986),(1181,1132),(247,1713),(82,338),(2096,965))
6 ((2691,1460),(1081,723),(820,1668),(2665,2572),(819,1845),(2111,367))
6 ((2755,597),(2417,2990),(2325,2752),(19,1790),(2541,2373),(1304,1674))
5 ((2101,2942),(700,1060),(1864,413),(2690,1139),(2978,150))
6 ((2829,492),(2521,765),(2973,1963),(2745,1723),(175,2115),(941,2490))
5 ((1863,167),(169,1189),(2563,1867),(450,919),(2866,986))
5 ((2869,2998),(1258,756),(493,967),(2043,1900),(1583,2621))
5 ((1522,318),(1640,2419),(504,1442),(2395,573),(96,1967))
5 ((592,91),(2065,1046),(2363,1210),(2266,2379),(2963,2571))
6 ((363,2180),(112,188),(1440,2137),(620,2139),(2593,1388),(2905,1127))
5 ((1118,1887),(2324,620),(2607,2653),(207,156),(1318,809))
5 ((700,1879),(811,1160),(2860,1159),(1171,1201),(2340,605))
5 ((599,1786),(1481,1764),(384,418),(768,710),(1144,1689))
5 ((2272,2343),(2088,1391),(1765,1361),(870,840),(520,734))
5 ((1462,2823),(2667,2470),(1114,266),(1630,2523),(212,822))
5 ((1669,154),(2224,2425),(1565,2345),(2074,236),(1346,1006))
6 ((180,1415),(187,2677),(2856,1221),(2775,241),(2573,1749),(385,2878))
5 ((1871,560),(1705,2481),(1968,1088),(1268,2242),(1847,1152))
6 ((1432,1521),(545,411),(2706,2764),(253,580),(2398,758),(809,578))
5 ((1672,1531),(1189,1469),(2971,1628),(1789,774),(2009,1128))
6 ((462,2630),(2640,935),(1348,1777),(1703,857),(2415,2617),(1937,1701))
5 ((483,299),(2593,2428),(24,1877),(566,2606),(3000,1150))
6 ((2479,1552),(13,12),(408,140),(1061,2645),(2091,752),(2576,1114))
5 ((791,1030),(963,2522),(1887,397),(808,1863),(1903,2552))
6 ((2481,261),(2542,1942),(2342,2777),(1739,1064),(1254,2016),(316,2363))
5 ((1484,2509),(695,2153),(1000,181),(26,1934),(2037,1034))
6 ((2394,605),(1775,1851),(2199,511),(1689,2173),(2828,2992),(2303,193))
6 ((1642,1781),(2647,1121),(1980,774),(1975,2884),(2184,1168),(2888,139))
6 ((2500,2268),(2587,1394),(254,797),(2138,433),(2045,2462),(1783,2164))
6 ((1,884),(2367,2541),(1269,493),(1543,25),(2441,1018),(547,52))
5 ((2308,2610),(2786,2425),(2127,2338),(799,958),(110,606))
5 ((2406,1066),(1305,1920),(1831,85),(1695,369),(2864,1430))
6 ((2736,1257),(25,521),(2342,847),(143,1867),(799,1166),(2749,1833))
6 ((2508,2212),(471,1682),(1227,1289),(1586,620),(1178,2297),(2051,2768))
5 ((1245,1561),(2728,2508),(950,1489),(1368,2221),(96,1059))
6 ((630,1715),(1724,187),(26,1897),(1398,2257),(2469,1660),(1546,1074))
5 ((2490,2645),(749,1260),(1704,512),(965,845),(2577,2438))
5 ((411,1244),(1107,630),(2582,49),(2758,517),(180,1265))
6 ((1199,161),(2840,1777),(2220,1921),(1841,1758),(2726,1496),(2688,671))
5 ((2963,844),(2744,879),(175,2869),(2582,0),(686,703))
5 ((1287,935),(1519,2971),(854,1083),(140,564),(551,1083))
6 ((2169,238),(2697,2840),(2277,2881),(2930,2388),(2680,2559),(2550,1170))
5 ((2465,2196),(2102,601),(1610,2498),(1547,601),(2420,461))
6 ((2396,1627),(175,824),(418,1562),(271,1380),(5,1289),(2167,2994))
5 ((2979,2549),(1687,2256),(1329,2625),(1886,943),(2647,1792))
5 ((1608,2738),(1192,2131),(2687,1835),(806,2904),(1686,843))
6 ((901,347),(1892,1903),(1760,2801),(2300,1273),(2910,2200),(77,2284))
5 ((1711,611),(1672,840),(507,2737),(16,917),(321,1580))
6 ((762,2547),(729,1727),(1506,2924),(606,2298),(509,1104),(2554,1321))
6 ((2958,942),(1425,460),(1479,1035),(1927,2626),(2238,2332),(2419,2978))
6 ((2068,2681),(2094,332),(1072,1939),(826,921),(2106,2471),(754,2910))
6 ((2354,2603),(1603,2649),(939,504),(877,1410),(2435,951),(1039,881))
6 ((1315,946),(1169,2800),(2632,1854),(2991,2201),(1410,729),(1932,2742))
5 ((2653,543),(485,653),(1063,2431),(2580,1844),(342,37))
6 ((2802,2489),(2943,371),(1928,1259),(1191,569),(1428,689),(1651,98))
5 ((706,2807),(1316,1786),(788,64),(2673,193),(1103,375))
5 ((1210,1484),(2389,1153),(1368,793),(2759,2996),(473,25))
5 ((2994,364),(1010,2426),(1486,445),(52,848),(1100,2091))
5 ((2336,2307),(125,2325),(28,1911),(1255,2492),(1261,33))
5 ((151,68),(1422,1964),(2633,2112),(2989,1501),(2693,1776))
5 ((84,668),(928,1852),(2017,771),(1263,2767),(2557,2757))
6 ((1811,1995),(20,345),(1883,124),(1696,1440),(966,649),(1418,1501))
6 ((1002,1043),(1412,1607),(1580,2043),(2251,131),(1432,2534),(2090,2364))
6 ((1196,210),(2823,1085),(1074,690),(323,808),(1189,2565),(2612,567))
5 ((2614,2760),(0,2415),(1939,2793),(1024,682),(2878,2945))
5 ((1296,1652),(2456,1197),(1391,1229),(90,1049),(541,329))
6 ((992,1906),(1699,1200),(686,656),(950,1944),(2186,2785),(466,1345))
5 ((117,1484),(1180,2659),(56,1950),(1112,1071),(1494,1161))
6 ((200,1450),(159,2923),(1138,1122),(2470,683),(2528,2626),(1474,1915))
5 ((2194,1438),(2524,1023),(2776,264),(1104,1050),(2405,2397))
6 ((1481,2963),(2628,948),(236,1429),(27,1208),(1372,573),(1669,2025))
6 ((327,1731),(376,1201),(1517,899),(223,529),(2718,381),(2320,1963))
5 ((991,1541),(600,262),(1791,418),(2085,363),(569,955))
6 ((2282,1788),(989,738),(693,630),(626,1824),(2687,306),(2047,2868))
5 ((1810,1081),(243,1688),(1994,1990),(2337,2484),(275,1003))
6 ((1969,310),(986,2118),(490,275),(2379,660),(3,2588),(2241,369))
6 ((18,2286),(1732,2400),(1566,2710),(132,2582),(2578,398),(2180,2772))
6 ((547,8),(2719,1232),(918,1508),(32,1087),(1751,2045),(915,2303))
5 ((2784,2862),(1614,716),(1994,1928),(1526,2352),(1574,664))
6 ((2538,907),(2582,2081),(2031,2216),(1903,1099),(1546,533),(2543,2156))
5 ((2114,1920),(491,1601),(1102,68),(1106,2923),(2363,2705))
5 ((912,2385),(1122,727),(660,2971),(2134,37),(2825,1692))
5 ((2400,2054),(2954,521),(2889,1540),(1755,2963),(1734,602))
5 ((2392,264),(2469,827),(2564,2329),(1433,2553),(2972,563))
5 ((353,1429),(526,2748),(1932,388),(812,1759),(2024,1800))
6 ((1417,2800),(2010,1374),(2577,596),(2532,977),(725,1540),(2955,177))
5 ((2639,1018),(2342,2297),(1678,1358),(2518,2241),(1382,1204))
5 ((1538,1374),(772,2103),(2676,606),(1665,1266),(331,1630))
5 ((1028,1288),(49,292),(1390,875),(2240,2282),(730,1590))
6 ((937,2231),(1139,609),(1526,1041),(2786,2360),(75,1228),(872,18))
5 ((242,2213),(1018,1160),(166,47),(1535,2177),(1897,1332))
5 ((2830,666),(1737,1186),(299,1171),(1544,2648),(2988,702))
6 ((477,1510),(1691,2775),(1041,719),(2403,427),(1824,471),(276,1849))
6 ((579,140),(2922,2101),(1660,138),(1945,2479),(900,909),(1583,2002))
6 ((297,1641),(2487,1329),(1437,296),(404,2135),(2898,1347),(1196,1673))
5 ((659,130),(984,2853),(2337,1016),(894,2385),(73,639))
5 ((2701,1699),(2451,1257),(1419,586),(1781,2775),(2964,2484))
5 ((1844,1292),(1704,2860),(1193,1778),(2538,749),(1230,721))
5 ((1381,155),(1889,1394),(2054,131),(2263,2352),(2661,175))
5 ((1532,764),(1131,479),(495,2772),(2155,2886),(2568,1472))
6 ((723,293),(1741,1836),(2786,2262),(2179,1360),(2968,2669),(1348,2453))
5 ((2332,520),(1399,517),(2195,2935),(1631,1569),(1100,1704))
6 ((741,1964),(1319,457),(630,488),(1606,709),(162,2792),(2269,913))
5 ((2875,2169),(2147,272),(217,928),(1610,1821),(1758,821))
5 ((2168,281),(2652,761),(2796,647),(1187,672),(1170,2442))
5 ((927,2092),(2350,648),(126,78),(2317,1677),(306,12))
6 ((1228,1234),(2702,494),(2567,2975),(1756,859),(1029,352),(1678,2813))
6 ((2337,2988),(2271,1736),(278,1474),(200,1323),(1109,53),(42,1672))
6 ((522,2751),(1336,2971),(1103,2232),(582,104),(1996,384),(1704,2706))
6 ((188,400),(2475,672),(2844,2655),(2374,618),(2482,775),(2893,1739))
6 ((1521,2808),(1334,413),(2899,353),(2308,1082),(1108,880),(1055,2730))
6 ((2082,2045),(1612,706),(449,993),(373,238),(2518,1068),(107,920))
5 ((2269,50),(1273,1989),(1179,872),(2233,1722),(86,809))
5 ((2130,379),(1594,1910),(2881,374),(200,789),(716,1784))
6 ((1401,613),(2083,306),(2653,1529),(682,779),(118,505),(1396,873))
5 ((1853,2789),(1721,1438),(1964,1447),(439,227),(881,1060))
6 ((1660,91),(314,2184),(547,1704),(1768,2455),(1765,2854),(1142,2942))
5 ((2405,2072),(28,1562),(311,1277),(29,901),(1210,428))
6 ((2782,2092),(148,286),(1304,2464),(2201,899),(1264,1206),(1945,452))
6 ((1497,938),(2833,2019),(493,581),(228,1624),(2579,1481),(1147,1186))
5 ((2607,1784),(2303,2475),(1817,1392),(2005,1143),(918,1139))
5 ((1802,91),(1803,2831),(1668,2404),(1147,2289),(1158,1585))
6 ((1379,2052),(2910,2378),(516,1030),(2165,197),(1003,2337),(96,2993))
5 ((2791,2127),(2702,2582),(2688,1538),(454,1153),(2683,1562))
6 ((1925,2449),(2073,2312),(2986,1962),(1789,1086),(1030,1005),(288,581))
6 ((98,484),(1498,2931),(2923,242),(803,1923),(783,226),(1826,2170))
5 ((1102,998),(2099,2801),(443,547),(2251,815),(1767,23))
5 ((1902,1623),(1687,1401),(2227,2104),(637,184),(2183,2916))
5 ((192,630),(2975,353),(1607,1181),(2451,1447),(1105,2266))
5 ((139,2755),(2292,2711),(73,2791),(2742,2030),(263,659))
5 ((958,2979),(2351,521),(2583,1840),(601,587),(2593,2508))
6 ((121,1933),(1235,1107),(515,898),(2982,2620),(851,392),(2266,1091))
5 ((2867,2559),(346,1919),(680,2646),(900,2080),(2615,640))
6 ((1633,1357),(467,2097),(1365,327),(2630,795),(104,108),(2412,1324))
5 ((523,209),(434,2740),(1910,2065),(836,2317),(1385,894))
5 ((180,2198),(2344,916),(1346,2510),(2513,455),(2517,1756))
6 ((225,689),(195,2128),(1448,2437),(285,2069),(1105,1201),(1364,1146))
5 ((2885,1581),(724,120),(1152,2892),(2193,1157),(1977,129))
5 ((434,757),(232,594),(919,2424),(1609,1058),(2403,2685))
5 ((1198,967),(702,2965),(1377,1714),(673,1017),(2687,891))
6 ((2835,2182),(1054,222),(1431,2291),(2201,2788),(2522,548),(2426,1752))
5 ((2982,1272),(1687,1492),(1532,908),(2963,653),(344,96))
5 ((1767,45),(2157,2478),(2023,1709),(771,311),(2021,174))
6 ((775,32),(747,1299),(438,834),(1790,2348),(2687,907),(843,305))
5 ((1809,678),(603,1288),(91,1830),(1740,1394),(2376,38))
5 ((630,1808),(2391,1400),(173,2),(980,2540),(1450,2142))
5 ((2638,208),(540,1152),(2536,1040),(1581,20),(2931,751))
6 ((1024,512),(2718,339),(1501,947),(2381,1642),(2094,2519),(2296,2639))
5 ((1638,1852),(926,1715),(2133,2362),(1725,662),(229,704))
6 ((386,2208),(1315,2130),(685,2386),(2020,106),(54,588),(757,2746))
6 ((1248,112),(2655,2282),(1822,2831),(824,2004),(116,1341),(310,191))
5 ((1706,290),(2095,1980),(1961,2041),(2701,2410),(431,1550))
6 ((2658,2630),(794,2216),(1038,1234),(2617,1892),(1507,419),(308,2761))
5 ((2832,1634),(1848,2419),(481,195),(122,2466),(816,687))
5 ((650,1332),(2028,768),(2248,1974),(1236,2356),(1020,907))
6 ((879,1818),(1870,572),(1763,2063),(1396,1467),(1822,1270),(2581,1168))
5 ((2476,592),(2493,437),(1983,538),(1550,881),(866,785))
6 ((740,2514),(2834,93),(1972,1660),(2104,1292),(1859,2758),(167,2601))
5 ((283,2318),(700,491),(2364,1802),(1692,1531),(2716,1311))
6 ((2148,286),(38,2584),(1647,1395),(217,220),(1637,2638),(920,733))
6 ((156,2673),(902,1894),(555,1779),(1176,468),(2584,107),(626,1739))
5 ((2557,290),(1956,2642),(2346,889),(74,830),(1951,2081))
5 ((2476,2819),(2160,1171),(1225,131),(1871,2277),(512,2323))
5 ((301,1066),(2574,519),(2297,808),(2699,61),(2118,1401))
5 ((678,1767),(76,1215),(1707,2731),(1329,2092),(2245,1201))
6 ((474,2767),(2222,815),(124,1866),(2821,819),(531,2683),(2277,2773))
6 ((1831,2225),(266,756),(2148,229),(298,1811),(1781,2996),(1403,35))
5 ((1586,2972),(2128,1395),(2023,2730),(1790,532),(1928,326))
6 ((2729,2012),(697,550),(277,1303),(425,1837),(1562,2366),(2970,1392))
5 ((1149,1427),(2453,2188),(257,341),(861,1399),(2408,958))
6 ((1370,658),(2652,34),(484,802),(2260,2389),(757,1056),(2163,21))
6 ((865,1507),(743,1478),(784,2450),(2683,2316),(2476,876),(503,39))
6 ((817,1590),(2065,5),(273,1622),(2864,1246),(2842,556),(1738,2491))
5 ((1008,668),(1562,2297),(2466,2530),(93,2550),(2954,553))
6 ((2627,2630),(2161,581),(2448,2121),(1892,2129),(1978,1810),(1730,561))
6 ((1226,535),(821,1351),(2260,1007),(832,501),(1647,2741),(1153,2720))
6 ((2675,68),(2369,1410),(1145,943),(2322,98),(2172,973),(348,1528))
6 ((1735,1713),(2084,757),(93,1268),(1264,1954),(1626,944),(1331,1464))
5 ((1233,2235),(77,2841),(1526,1817),(2308,527),(1982,892))
5 ((2122,447),(1136,345),(1169,923),(1324,2412),(1303,234))
5 ((1599,1766),(883,1910),(1905,2588),(1573,223),(243,2594))
6 ((2499,813),(2932,1657),(217,536),(17,1881),(1178,2416),(92,1612))
6 ((322,2593),(1508,2637),(2498,347),(2309,386),(2780,2310),(378,1182))
6 ((639,1131),(1060,413),(1338,1970),(2901,258),(2515,1700),(1708,1366))
6 ((500,2633),(1366,920),(26,47),(2811,1299),(627,2542),(655,2081))
6 ((2286,1237),(1788,721),(643,2451),(732,1785),(2819,1972),(591,1394))
5 ((2762,2676),(1205,2647),(1025,2517),(1945,2576),(1512,853))
6 ((720,1766),(307,196),(2780,2388),(1487,1098),(191,7),(1009,112))
6 ((307,969),(358,1831),(644,1682),(2639,15),(1271,2827),(405,2788))
5 ((2637,2605),(413,1058),(1448,1362),(1103,1294),(739,511))
5 ((414,845),(158,827),(2173,232),(2932,1399),(2940,518))
6 ((1559,658),(1211,978),(719,2164),(960,1014),(78,1498),(2462,2615))
5 ((1164,749),(1084,142),(1249,2017),(2948,242),(2760,2296))
6 ((168,1695),(817,300),(106,1617),(782,1033),(1078,2104),(2879,1972))
6 ((2153,2628),(679,2553),(1411,1500),(2582,89),(2772,1984),(358,2840))
6 ((2699,2329),(837,1604),(598,2882),(915,2010),(1901,2288),(2847,2085))
5 ((2595,743),(2676,1477),(2323,2282),(1868,238),(2529,1261))
5 ((363,1020),(559,1341),(540,2115),(506,860),(146,2368))
5 ((1109,2931),(2002,877),(130,2771),(242,1095),(1500,2440))
5 ((2997,157),(380,2855),(665,1663),(2290,1737),(1817,742))
5 ((1935,871),(76,2829),(1945,610),(1391,1472),(2101,2858))
6 ((1628,1189),(2142,1884),(1239,2771),(2020,1509),(605,2176),(2402,1210))
6 ((903,260),(1137,352),(1174,2641),(768,2289),(960,2509),(1695,2559))
6 ((1498,1746),(188,1808),(1376,1908),(906,2464),(1458,2232),(780,852))
6 ((587,367),(941,1355),(2185,671),(1335,541),(1502,1281),(619,2223))
5 ((2375,1246),(1623,1711),(2620,2340),(708,397),(1868,657))
5 ((2165,911),(2954,1847),(2258,1178),(1386,2908),(2856,526))
6 ((1036,1607),(280,2454),(584,909),(2663,567),(2351,2161),(1662,561))
6 ((859,770),(2110,133),(2563,966),(490,12),(317,1985),(1642,2267))
5 ((2950,144),(1167,1333),(1986,544),(1606,673),(2014,481))
6 ((34,2942),(1402,126),(526,2941),(1927,308),(836,2112),(1179,456))
6 ((431,2375),(54,2651),(575,1331),(2961,2683),(2154,1352),(2918,259))
5 ((2166,445),(1863,2564),(1749,79),(980,907),(2743,1608))
6 ((584,577),(2286,1802),(410,56),(1402,1094),(2630,2988),(697,2559))
5 ((2555,1737),(376,1742),(1725,1381),(2443,1219),(2826,2780))
6 ((1708,2891),(995,1206),(1768,777),(1108,824),(2659,2805),(2111,422))
6 ((2636,1599),(1517,2244),(338,893),(1122,1965),(2576,2333),(1446,1481))
6 ((2212,892),(198,741),(1635,277),(2028,183),(669,50),(1398,2451))
5 ((2983,975),(12,1200),(2498,2957),(2737,2878),(2278,24))
6 ((2331,1527),(2059,555),(88,2953),(788,2503),(1532,23),(2344,1491))
5 ((411,645),(1094,2237),(792,335),(255,843),(1747,114))
5 ((525,102),(2372,2056),(836,2919),(387,2741),(2248,181))
6 ((1933,976),(603,2585),(1267,1798),(2580,151),(319,1004),(474,2735))
6 ((140,2546),(952,405),(1770,2218),(98,2444),(1146,1041),(2021,1018))
5 ((2317,1077),(2574,2410),(173,1736),(2624,1056),(78,2770))
6 ((1687,922),(270,2142),(2241,946),(428,2465),(2314,721),(2778,2116))
5 ((2001,227),(1131,2624),(331,2636),(1357,1957),(2971,811))
6 ((1155,1457),(113,2454),(435,1721),(2014,1486),(140,1781),(89,2863))
5 ((2945,963),(1987,1297),(2709,1719),(2047,2681),(2640,1144))
5 ((2230,2332),(799,853),(2749,1294),(1112,260),(699,2229))
6 ((2800,2405),(2040,2196),(2802,1361),(198,2121),(1678,313),(2136,1997))
5 ((725,787),(2275,1184),(722,1846),(1056,216),(1875,2922))
5 ((2163,1930),(1300,2615),(37,940),(274,1511),(533,687))
5 ((1810,831),(2043,1797),(1684,601),(2897,1725),(132,2522))
6 ((1091,155),(2232,2722),(805,1360),(917,1953),(1157,2058),(1614,2489))
6 ((1227,2189),(1722,48),(1298,1425),(1955,1172),(581,257),(1340,2756))
6 ((2599,521),(2689,766),(55,2552),(332,597),(30,2484),(2078,2049))
5 ((981,820),(797,287),(1477,254),(1223,2320),(2036,851))
5 ((235,2379),(1101,1329),(2314,2922),(2156,1808),(1887,2200))
6 ((2725,2740),(2875,1435),(2002,1193),(2478,1918),(2281,1489),(329,620))
6 ((2313,2970),(730,673),(2760,2612),(447,1561),(714,424),(1521,1491))
6 ((2780,2598),(2824,2663),(393,2585),(1717,1685),(72,2575),(851,2013))
6 ((171,1119),(434,2847),(2073,193),(1151,1895),(219,1945),(1800,2243))
6 ((1667,2138),(2978,1564),(1736,2388),(1756,853),(2471,2809),(1345,1082))
6 ((26,1261),(2691,1247),(2906,2792),(2787,2620),(1296,2920),(2904,2366))
5 ((2811,1722),(833,425),(2820,930),(1762,2886),(2661,919))
6 ((2283,1585),(1568,2803),(36,990),(971,2038),(1501,1372),(2525,1871))
5 ((1350,1176),(2450,1916),(2744,1054),(1964,1747),(1835,1016))
6 ((2414,419),(1747,565),(193,2766),(2658,2104),(2240,202),(391,2735))
6 ((2981,1252),(1279,2789),(638,239),(2887,867),(2376,2347),(2045,1234))
5 ((254,1084),(1673,511),(1326,910),(1775,2638),(2968,137))
5 ((2793,2850),(938,1200),(627,562),(2873,2703),(2374,1574))
6 ((2700,2353),(18,1926),(1942,2537),(2541,1714),(2739,1563),(1185,272))
5 ((864,224),(1090,833),(1179,1339),(1649,1773),(980,2778))
5 ((2278,1285),(2971,2053),(1493,2966),(1178,2557),(750,160))
6 ((1583,116),(1243,1233),(1764,1667),(2390,1177),(966,1098),(2112,1200))
5 ((374,1633),(70,705),(602,494),(2349,2949),(2564,287))
6 ((1509,2394),(1673,1749),(833,1716),(734,2402),(2097,2340),(2368,1589))
5 ((2586,2567),(558,744),(1556,2335),(484,2272),(512,2413))
6 ((1369,2150),(1548,446),(2264,2554),(498,2331),(1253,955),(2769,1845))
6 ((842,338),(2173,2264),(2018,1592),(2946,601),(1750,2886),(1091,1853))
6 ((1698,1365),(2134,2778),(752,1038),(1071,295),(894,1414),(381,732))
6 ((543,279),(1421,1455),(1387,2968),(2186,1944),(843,2881),(2748,1469))
5 ((2712,1115),(2258,1907),(2204,2297),(2231,928),(311,1013))
5 ((634,1274),(1841,2086),(2232,1284),(340,2109),(2796,2185))
5 ((1863,2761),(397,2938),(614,118),(2521,2355),(2942,1680))
6 ((819,2762),(587,1435),(2193,1596),(276,205),(701,2534),(2577,2331))
6 ((2986,1715),(2467,2587),(1947,1276),(910,2235),(1801,2948),(322,2870))
6 ((2922,12),(1709,1506),(1203,147),(2128,2627),(41,332),(259,990))
5 ((1069,1345),(1627,403),(1411,1294),(1117,2134),(697,319))
6 ((1626,2164),(2574,117),(1678,1822),(2202,1464),(2938,2792),(2222,786))
5 ((830,1588),(806,985),(850,1662),(2640,2934),(7,2099))
6 ((1300,1263),(1613,46),(503,1265),(2056,2874),(1687,2793),(1457,2245))
5 ((521,2861),(2887,2539),(718,474),(1291,322),(2473,339))
6 ((1380,1826),(1900,849),(1115,660),(301,1171),(1617,1557),(155,229))
5 ((1894,2251),(1679,2825),(893,1775),(605,114),(1905,380))
6 ((2118,2573),(1317,936),(2714,863),(1282,1581),(926,2832),(161,2404))
5 ((415,669),(2613,1436),(2639,2093),(2889,2631),(2672,765))
5 ((161,1985),(2397,1472),(2848,2394),(1060,887),(1706,2003))
6 ((2986,2650),(1623,222),(1235,1267),(2458,2488),(725,1618),(1574,1173))
5 ((204,855),(1923,569),(22,1304),(1478,316),(2019,2008))
6 ((1328,2458),(1645,1810),(2582,308),(2778,2551),(1097,151),(567,1707))
6 ((160,1193),(620,1635),(690,2173),(379,2627),(874,489),(2132,117))
6 ((1952,1985),(2752,1382),(847,2146),(1083,1528),(2152,396),(2615,309))
5 ((350,1982),(1446,380),(2549,1363),(275,320),(248,1239))
6 ((2978,1179),(1897,550),(2788,807),(72,1090),(1252,1093),(1389,2095))
5 ((2543,2376),(1092,2836),(1754,629),(1230,1105),(2561,1759))
6 ((933,1806),(1336,1648),(1990,672),(165,1494),(2375,2828),(2383,2395))
5 ((96,1518),(2082,1898),(59,2273),(788,233),(2166,468))
6 ((1418,2700),(204,2126),(2511,1390),(1150,2722),(2250,759),(1804,1459))
5 ((199,16),(2701,1408),(1308,1459),(1243,1058),(12,491))
6 ((2688,2354),(820,1250),(378,370),(1266,2923),(2735,1792),(1216,1226))
6 ((2882,500),(181,2796),(693,1540),(2407,2026),(2084,1805),(586,2251))
5 ((921,2324),(1394,296),(1039,46),(2274,1096),(2643,1117))
6 ((1883,2244),(1491,45),(1809,356),(2038,372),(850,1283),(1547,2965))
6 ((1270,1600),(2745,2740),(1553,1463),(1805,2928),(817,1636),(413,2837))
6 ((66,508),(555,2359),(903,2809),(905,2695),(198,448),(1717,2354))
5 ((1854,2796),(2572,2346),(2854,1131),(2296,2523),(1701,404))
5 ((944,1589),(2892,1173),(422,2056),(2681,1547),(167,2221))
6 ((1396,1461),(3,2413),(125,1204),(2476,1431),(1156,588),(818,2237))
5 ((768,285),(2669,2127),(2552,666),(449,2778),(2540,956))
6 ((2449,2951),(1927,2593),(795,583),(2066,705),(1646,1992),(2220,2422))
5 ((42,1153),(472,2694),(23,535),(2870,882),(910,2153))
5 ((1626,1993),(375,2983),(2185,1603),(1377,1224),(2807,647))
6 ((354,88),(105,2757),(2521,196),(2698,1644),(509,695),(2420,463))
5 ((146,1486),(857,839),(33,92),(470,48),(1770,1247))
6 ((377,214),(2855,528),(379,484),(2912,1580),(997,538),(1287,2082))
5 ((2325,1493),(2676,1547),(2274,1636),(456,2694),(2890,102))
6 ((724,2245),(1919,1780),(195,1158),(2680,1364),(1080,4),(1881,1468))
5 ((33,798),(484,1379),(1239,2502),(2211,2940),(681,2185))
6 ((1320,2612),(2666,198),(2504,2934),(633,889),(2160,998),(1641,579))
6 ((142,2469),(1791,2),(2503,415),(108,2256),(2231,1752),(2669,1235))
5 ((585,89),(625,1321),(2423,1872),(2275,20),(2638,332))
6 ((2406,650),(71,1134),(1504,360),(1700,941),(1957,238),(583,2260))
6 ((2330,2678),(2493,1527),(1057,703),(828,1095),(1144,590),(173,2327))
5 ((2958,2467),(232,2714),(1303,10),(95,2516),(2520,2276))
6 ((1536,1519),(161,2675),(774,85),(449,190),(2480,885),(140,1759))
5 ((1348,453),(1249,2683),(2081,315),(874,1056),(1224,1148))
6 ((2845,1076),(2235,2596),(435,831),(2830,1710),(806,2110),(1480,1788))
5 ((12,1513),(2833,57),(2692,783),(1333,1727),(1809,1216))
6 ((2992,611),(305,2659),(2225,1141),(2143,2118),(1828,1077),(513,789))
6 ((313,222),(1847,2888),(141,2655),(1633,707),(1817,2332),(1852,638))
5 ((438,345),(2382,2983),(1045,2838),(2487,394),(2207,58))
6 ((835,474),(494,1910),(2056,1034),(22,576),(1802,189),(1731,1629))
5 ((2411,1295),(2471,1390),(950,185),(2094,630),(2788,1787))
5 ((2804,838),(447,263),(2566,769),(1578,1112),(2617,2236))
6 ((2618,1173),(418,2566),(1064,922),(799,1306),(1310,1709),(522,2538))
5 ((632,2542),(2554,942),(1141,57),(568,887),(2574,968))
6 ((103,741),(2813,1514),(1947,1218),(1965,999),(443,111),(2077,1685))
5 ((1560,1334),(455,2496),(1331,948),(1047,1971),(2566,970))
5 ((1382,221),(1300,914),(786,1869),(1923,1386),(1506,2074))
5 ((2766,2885),(866,748),(2087,2844),(2728,2653),(7,2347))
5 ((1989,2155),(2049,992),(2044,632),(875,2303),(2212,2713))
5 ((1828,1457),(26,908),(807,484),(2885,165),(1867,2692))
5 ((943,886),(1989,2258),(2174,1234),(911,1050),(437,1247))
5 ((1731,2809),(2322,2711),(585,2723),(2398,770),(1746,1327))
6 ((2136,1143),(1516,285),(551,649),(2656,855),(1997,2212),(2528,2713))
6 ((395,2853),(1810,1701),(18,2837),(2535,2984),(2309,1075),(1691,467))
5 ((1612,2952),(882,2013),(2333,1595),(920,659),(1031,1864))
5 ((811,2473),(1169,2020),(206,2616),(1128,2852),(2709,889))
6 ((1715,1359),(1600,1121),(584,912),(667,433),(649,2881),(1737,2954))
6 ((2257,2110),(55,1963),(2528,492),(2824,2417),(1985,882),(1754,781))
6 ((1351,1829),(2545,1178),(1978,1279),(2288,1824),(722,481),(2620,1253))
5 ((2410,1065),(1653,2683),(2343,752),(1817,1507),(2977,1868))
5 ((1338,1129),(511,2521),(2728,2519),(1202,1072),(768,74))
5 ((2404,1703),(1102,1468),(1387,2350),(2456,1620),(403,175))
5 ((5,501),(2545,513),(2003,1505),(1728,318),(1320,1251))
5 ((455,1680),(2365,1606),(2186,2127),(2606,1982),(2269,962))
6 ((501,342),(2324,533),(1212,2952),(923,502),(1743,380),(1390,134))
6 ((20,2068),(1096,1263),(315,1378),(2194,1381),(39,2090),(2380,2678))
6 ((46,1646),(2702,2130),(751,903),(2690,812),(355,2588),(737,1125))
6 ((943,625),(2079,1879),(988,2785),(2514,443),(2697,158),(1186,355))
5 ((651,1749),(375,2647),(1397,2851),(832,1713),(1852,1352))
6 ((2524,2553),(444,950),(990,272),(2918,1367),(986,263),(2686,2925))
5 ((2283,120),(2055,2749),(616,180),(2308,1240),(533,522))
6 ((122,2603),(2235,492),(776,593),(2658,1148),(2450,2072),(138,1623))
6 ((830,930),(2963,2762),(116,804),(524,758),(134,454),(2596,2950))
6 ((1376,2707),(1897,1709),(106,1122),(1174,421),(419,982),(202,1734))
5 ((2331,955),(118,1456),(1135,930),(1429,260),(1600,1818))
5 ((727,1607),(2717,1264),(287,2079),(1768,655),(859,1409))
5 ((1990,524),(2602,590),(511,681),(1132,1049),(431,1991))
6 ((1437,2392),(2273,284),(1758,147),(3,1064),(610,1348),(111,536))
6 ((818,2853),(1505,2897),(772,1314),(2059,1464),(1664,2022),(618,912))
5 ((2374,2451),(908,3000),(1699,55),(1645,1618),(1846,4))
5 ((2739,196),(2137,1833),(1777,107),(1051,1786),(2143,1912))
5 ((1497,1053),(585,1429),(1656,301),(2543,2548),(1898,2793))
6 ((1418,354),(2710,922),(1981,2555),(369,363),(905,738),(386,1097))
6 ((192,2104),(1468,22),(417,457),(2369,2615),(2200,954),(200,2682))
6 ((1956,2081),(2307,2315),(2735,2891),(697,2354),(2835,1475),(1183,851))
6 ((1076,1366),(1237,2641),(1837,2335),(2477,115),(376,1260),(1492,2703))
5 ((1644,2620),(1057,1955),(1080,567),(2691,1673),(542,2569))
5 ((591,866),(2317,1271),(2004,191),(199,812),(2238,1453))
6 ((459,773),(884,540),(1529,1645),(733,1041),(545,1010),(2254,844))
5 ((2402,1926),(28,2083),(777,731),(977,1953),(237,1987))
5 ((1216,2710),(309,121),(2241,1077),(285,1931),(1613,464))
6 ((2941,2124),(2091,1840),(272,867),(2735,558),(2435,193),(451,2887))
5 ((2507,906),(1229,2325),(1568,71),(1005,693),(1712,2089))
6 ((62,351),(2500,2302),(2022,83),(221,898),(2919,1497),(324,973))
6 ((1079,2364),(1194,1533),(225,6),(2565,1687),(2250,2474),(1622,447))
6 ((1575,2877),(2604,2467),(773,335),(1086,2832),(2893,1777),(1176,1755))
6 ((1708,708),(2840,946),(320,2239),(1166,2781),(2219,356),(989,2409))
6 ((1828,2445),(2412,589),(1296,1525),(1775,1797),(1780,951),(84,1192))
5 ((1156,1876),(2848,1523),(71,2299),(170,2113),(2145,1154))
6 ((1821,272),(1848,771),(1510,2959),(1909,270),(1902,1554),(172,1907))
6 ((1307,461),(1635,2178),(349,405),(49,1776),(2932,2429),(514,2072))
6 ((1349,1098),(306,1993),(1984,2591),(1688,629),(2196,395),(102,1173))
5 ((1907,2721),(1191,2932),(1223,1911),(2085,2397),(730,803))
6 ((1990,2114),(1489,1705),(1812,27),(2990,1604),(1191,2639),(340,79))
5 ((547,575),(2526,2907),(388,1063),(2251,807),(934,840))
6 ((1535,2945),(2643,1612),(1887,2991),(24,299),(1161,1662),(1383,1228))
6 ((1051,1139),(430,1130),(2224,1451),(1281,2845),(2971,2940),(28,1993))
5 ((1257,1377),(1099,1909),(2944,220),(1135,1085),(51,1456))
6 ((1523,359),(2871,2873),(1992,217),(2044,1781),(414,1353),(249,1379))
5 ((1102,1709),(168,2408),(2141,827),(419,958),(945,904))
5 ((536,1358),(2619,2266),(1671,1503),(1480,1194),(1790,2987))
6 ((2119,1295),(1017,1959),(1039,2280),(1356,2079),(2868,2816),(917,2718))
6 ((906,1644),(1885,1497),(409,812),(1918,2841),(755,2097),(2308,2257))
6 ((2411,1234),(2659,2291),(735,2751),(365,1897),(2465,1332),(2686,729))
6 ((1251,908),(641,2198),(1949,1531),(1354,2389),(2374,142),(2818,2271))
6 ((1850,1777),(117,310),(2457,1248),(1064,2991),(2971,1789),(2001,2019))
6 ((2945,2023),(2127,716),(2652,928),(1596,1810),(1878,58),(1748,2736))
6 ((445,1000),(846,2857),(75,699),(2089,805),(431,1829),(760,1268))
6 ((1362,1803),(1426,1956),(706,1003),(1410,645),(2381,600),(2970,814))
6 ((1000,1415),(1600,2720),(2022,2340),(1201,1423),(1478,2607),(995,793))
6 ((467,1715),(552,2815),(1199,2225),(1058,2153),(1499,2568),(2219,2638))
6 ((2728,475),(1827,2489),(2708,1971),(2848,550),(535,96),(2625,1603))
6 ((269,961),(913,2092),(1133,2037),(9,218),(590,1456),(1368,1487))
6 ((702,1425),(396,1281),(1572,323),(524,188),(211,1768),(1470,630))
5 ((543,90),(2053,1280),(947,315),(1390,1369),(1394,986))
5 ((2474,2147),(519,1337),(292,1151),(2527,2565),(1374,139))
5 ((288,1952),(1429,1259),(975,1409),(662,812),(2224,2975))
6 ((2237,1230),(741,1226),(644,2634),(1074,2763),(1694,894),(1199,2083))
6 ((2959,646),(2562,2137),(208,532),(102,52),(48,1085),(736,2233))
6 ((1273,1141),(864,1928),(2011,230),(2063,1491),(257,2123),(1557,254))
5 ((826,750),(1158,2092),(315,66),(2402,2379),(1498,2374))
6 ((794,616),(1352,56),(2462,238),(1790,2596),(1575,2450),(2382,1082))
6 ((318,2281),(1628,2789),(179,2033),(1713,21),(1147,776),(1741,2511))
5 ((1745,1708),(2346,1693),(1634,1155),(2670,2544),(1481,469))
5 ((373,1467),(2210,1931),(936,1236),(1865,663),(1244,59))
5 ((662,2927),(2453,2294),(2047,325),(1940,2379),(2350,1788))
5 ((316,1561),(1318,1469),(388,2881),(2419,2902),(842,1819))
5 ((1905,838),(758,1383),(1763,1125),(1822,1752),(1847,2568))
6 ((2153,1959),(833,950),(2820,1999),(110,2361),(1551,2440),(1560,253))
6 ((2701,1402),(2194,2737),(2716,1818),(2449,2095),(2640,900),(2850,2660))
5 ((2688,339),(672,191),(1575,2270),(794,1793),(1483,1311))
6 ((1007,1298),(1691,2443),(2781,1029),(2545,1613),(2857,2723),(1617,2565))
5 ((905,2427),(2746,2992),(2797,1627),(2234,1124),(2657,2845))
6 ((1770,1092),(2781,1759),(1721,1850),(2039,240),(2862,1285),(888,2735))
5 ((1820,2524),(813,511),(2644,131),(646,2213),(963,1419))
5 ((1087,560),(2096,175),(2310,2609),(471,2304),(18,1790))
5 ((1270,2447),(1151,2420),(2595,1576),(543,560),(2046,1232))
6 ((1689,242),(1244,1757),(442,402),(2520,922),(1016,791),(746,1484))
5 ((1383,2207),(1591,1196),(2087,541),(470,357),(2382,1520))
6 ((1334,2034),(2433,1999),(1832,1854),(1999,1822),(1633,233),(1624,368))
5 ((2319,811),(2949,533),(2770,1392),(1012,1169),(2573,996))
6 ((492,379),(1613,2777),(1477,132),(395,520),(1131,1737),(2692,2457))
6 ((395,1850),(1675,549),(1103,987),(1261,2187),(745,2705),(2322,1969))
5 ((1255,2094),(1216,1586),(2986,1861),(349,2169),(676,2840))
6 ((1930,2803),(981,628),(2559,2406),(1912,893),(190,1385),(1512,2065))
5 ((658,2557),(1313,1221),(1610,2726),(2891,791),(1749,29))
6 ((2322,2081),(1793,1760),(1527,2548),(2074,2822),(643,2689),(2530,1949))
5 ((1503,2065),(2955,814),(966,1364),(2535,6),(2304,2429))
5 ((171,1844),(1191,2390),(2029,1724),(1637,2626),(547,859))
6 ((767,2922),(961,2603),(2803,40),(1860,2811),(2755,477),(2613,1459))
6 ((1218,2659),(280,796),(686,1379),(2412,2989),(833,2989),(577,4))
5 ((1679,1814),(1682,1399),(70,2924),(771,1813),(843,164))
6 ((1168,1913),(1534,2214),(148,2470),(1406,2706),(846,1872),(2696,2372))
5 ((1385,2681),(2433,2516),(1510,2690),(234,1816),(949,2174))
5 ((1512,1825),(324,215),(903,672),(1914,1316),(2654,2087))
5 ((541,2620),(998,1667),(1760,1662),(1520,2341),(2180,2997))
6 ((309,1407),(413,1617),(2526,2478),(904,1194),(451,872),(2357,142))
6 ((2163,621),(2874,1172),(141,906),(1534,790),(1940,294),(2014,780))
5 ((2106,827),(2900,2846),(2645,1246),(24,1107),(1919,2074))
5 ((934,2045),(2814,2503),(448,1417),(448,970),(2097,8))
6 ((1811,1610),(2389,10),(862,158),(1798,2706),(1151,2729),(2076,519))
5 ((2245,2334),(689,1165),(2971,2922),(571,2834),(2712,1990))
5 ((664,2891),(400,2814),(738,1510),(712,650),(1050,2248))
5 ((1977,93),(1785,987),(2967,2866),(342,1430),(1645,871))
5 ((1098,2382),(1794,138),(1386,1950),(209,453),(1819,1023))
6 ((1852,134),(2875,720),(1157,2661),(1394,2876),(388,1516),(2669,2503))
6 ((2055,2836),(1115,1876),(1595,344),(1848,48),(1362,914),(2151,2910))
6 ((2450,2016),(2159,968),(1441,2008),(2922,1264),(1223,2478),(252,844))
5 ((925,141),(184,1457),(2509,2888),(502,2580),(79,2483))
5 ((2753,1554),(1202,1811),(1510,1225),(1346,1528),(1252,25))
6 ((2488,2374),(1891,505),(2311,559),(2952,2064),(2371,1499),(1906,1028))
6 ((735,876),(535,2857),(475,892),(1190,1933),(2188,1217),(1932,2944))
6 ((2318,388),(948,1300),(1366,2822),(86,23),(471,983),(1414,2403))
5 ((2455,1616),(1340,1425),(655,1963),(896,2468),(1056,1131))
5 ((390,486),(2641,2047),(766,61),(1201,2601),(2113,202))
6 ((2068,276),(2109,2614),(1712,1532),(1290,2715),(1204,2075),(754,2042))
6 ((1165,1630),(1358,2550),(1119,2520),(2739,1328),(2536,531),(91,1378))
6 ((2026,113),(2176,1433),(2159,2520),(1421,1638),(1221,668),(1730,1670))
6 ((2208,2403),(2192,2859),(1599,2858),(1284,1303),(879,1426),(2234,1524))
5 ((1824,1020),(855,138),(990,2003),(2193,869),(1257,69))
6 ((167,374),(1535,998),(2912,2568),(1632,2598),(2392,2001),(614,112))
6 ((2890,1097),(2508,958),(1750,2229),(1545,742),(2636,1463),(2655,1536))
5 ((2644,1153),(1612,981),(2270,1590),(1672,1949),(2786,2783))
6 ((1698,1412),(1806,1163),(2857,96),(880,926),(2711,972),(2145,25))
5 ((2018,1463),(327,1104),(1973,1236),(779,2728),(1350,52))
6 ((2188,2451),(648,177),(2072,2702),(1837,662),(244,490),(1513,2670))
6 ((1604,2261),(1923,2128),(1348,2315),(2817,1553),(536,2580),(1832,896))
6 ((2598,2234),(187,1844),(2746,1953),(2509,1959),(1370,1519),(2513,372))
6 ((200,194),(819,1292),(2872,1366),(1131,728),(410,1647),(583,1794))
6 ((2694,1939),(1420,1665),(1047,1226),(2991,1259),(1988,179),(1517,1963))
5 ((1259,1197),(1091,2745),(244,38),(104,1376),(520,209))
6 ((79,365),(875,1025),(1335,907),(28,1827),(2712,1644),(1133,2762))
5 ((276,1628),(1005,1750),(45,453),(2625,282),(2969,854))
5 ((2419,1654),(2643,16),(2863,2604),(1509,913),(477,1606))
6 ((2983,2153),(820,1849),(924,2129),(1455,2420),(78,924),(1645,2713))
6 ((2784,487),(269,2580),(2973,649),(2922,1220),(1545,734),(974,287))
6 ((1625,2347),(2596,2948),(2747,66),(376,479),(2617,814),(1029,2523))
5 ((1470,2527),(135,2724),(961,2130),(1829,1242),(489,2764))
5 ((2707,1194),(1702,1707),(2791,2871),(240,1924),(675,222))
6 ((1239,2367),(1060,1014),(2105,981),(2083,251),(2930,1930),(1480,1468))
5 ((2165,2920),(1578,2303),(1940,804),(2736,595),(885,2897))
5 ((2355,1992),(974,1364),(2813,1443),(1722,1070),(1715,139))
6 ((2001,2636),(1530,2299),(1690,1600),(243,1432),(272,2349),(1133,1774))
5 ((2003,2174),(1821,2647),(1938,1300),(91,363),(49,1149))
5 ((1919,2734),(2310,2939),(114,2243),(2456,1460),(0,1499))
5 ((725,222),(1640,936),(2515,2176),(2260,939),(2453,2759))
5 ((1098,1134),(2736,2262),(2357,2228),(2580,502),(1754,762))
6 ((2656,951),(2823,2980),(1477,433),(2141,551),(2285,213),(2448,2521))
5 ((404,2911),(502,2770),(1686,2108),(1321,110),(1650,1936))
5 ((2424,1989),(1426,128),(385,1165),(2852,1924),(243,2049))
6 ((398,1180),(2253,1188),(2715,1271),(2480,2372),(1243,2385),(2931,1777))
6 ((702,2170),(1621,244),(1079,1555),(1693,2905),(1879,2708),(2912,755))
5 ((1713,1802),(625,2400),(1807,2518),(20,2953),(2471,1578))
5 ((611,1315),(2687,2157),(1610,2991),(1902,2239),(2525,2662))
6 ((2479,233),(1986,1682),(978,1600),(1937,1442),(1719,573),(2883,2548))
5 ((1088,469),(2259,2944),(1842,1761),(110,561),(800,2650))
5 ((1719,2287),(593,1743),(1105,2080),(2642,1986),(1907,2789))
6 ((2931,2242),(1658,2464),(2461,2653),(1554,2814),(2586,1840),(1659,1002))
5 ((2607,2772),(2398,2202),(67,1385),(717,2818),(744,533))
5 ((2893,2447),(2589,1825),(195,1912),(515,2247),(148,1989))
6 ((2941,1894),(2156,1908),(2661,2137),(249,1542),(2988,685),(2323,1045))
6 ((640,825),(1228,2972),(2051,2216),(2701,1373),(885,27),(1202,575))
6 ((664,418),(234,1032),(30,2652),(736,1123),(1553,1193),(2121,1807))
6 ((1374,2399),(1944,492),(164,2440),(15,2350),(229,545),(2449,1972))
6 ((2756,2841),(344,612),(2050,1242),(2910,2827),(1002,1493),(703,2530))
5 ((280,932),(1106,1187),(1565,1579),(2315,867),(1490,710))
5 ((54,5),(1278,2917),(382,1392),(2234,527),(2894,2878))
5 ((568,880),(2244,1126),(325,373),(2004,1515),(1984,2457))
6 ((2797,402),(2678,2052),(2881,2601),(2924,1203),(2162,2159),(2105,912))
6 ((137,302),(1043,1060),(861,1109),(490,391),(1297,1745),(1529,505))
6 ((1667,2274),(2021,2678),(784,151),(2206,1806),(2932,1502),(2861,1586))
5 ((2432,791),(588,908),(1176,811),(594,86),(2947,1210))
5 ((2051,646),(2221,2176),(2740,1363),(591,1293),(1530,2698))
5 ((2261,1792),(1000,2411),(345,2466),(1068,2740),(2020,79))
5 ((1024,113),(2,1248),(417,2241),(1390,1334),(2616,1841))
6 ((600,28),(2866,2620),(1611,2437),(1325,2784),(2859,981),(1487,2615))
5 ((2312,310),(1112,959),(43,368),(511,942),(2517,1043))
5 ((1000,941),(2254,1579),(1711,1419),(1285,1829),(918,1320))
6 ((1195,2876),(2010,2008),(1846,831),(972,1920),(2282,2761),(553,1452))
5 ((2078,2862),(1367,431),(712,2512),(2384,2690),(1402,1141))
6 ((2303,2838),(2119,2065),(1774,2114),(2608,2578),(1795,2204),(2374,2434))
5 ((1477,2032),(2534,19),(934,1164),(1735,954),(2730,2348))
5 ((964,2794),(1286,2081),(2091,2878),(2784,509),(273,119))
5 ((1277,916),(1939,2510),(1667,2171),(1445,2567),(1129,1013))
6 ((1440,2763),(768,2046),(615,616),(1993,1408),(2836,2128),(2036,1325))
5 ((2414,412),(1723,1117),(1626,2265),(717,2504),(698,2212))
6 ((1318,1064),(1033,624),(2470,1997),(2800,1995),(931,322),(2656,2993))
6 ((1717,400),(178,1376),(2814,858),(802,2642),(1544,1342),(1935,2528))
6 ((2807,1205),(959,48),(1160,2324),(1330,761),(430,1965),(1563,1394))
5 ((622,2595),(2485,1886),(948,1002),(460,2198),(1201,997))
5 ((681,2028),(1302,1009),(1139,814),(2961,2262),(959,2467))
5 ((2373,126),(2846,413),(1800,2336),(503,357),(837,533))
5 ((2681,1850),(1240,1936),(2081,941),(974,2239),(2248,738))
6 ((2547,2279),(2300,1841),(758,574),(2122,2089),(63,1093),(919,1224))
6 ((456,2954),(2187,1293),(1993,1042),(1744,2540),(238,764),(931,187))
6 ((1698,2053),(2094,1268),(1841,2227),(1563,244),(1336,32),(2432,2358))
6 ((1085,1744),(1835,1378),(2424,2273),(704,2295),(242,978),(2669,914))
5 ((2010,258),(2840,201),(2577,2723),(2863,2632),(1788,1338))
6 ((1102,1018),(2483,551),(2229,846),(1972,454),(8,1807),(863,196))
5 ((1417,2691),(2,1904),(2663,2487),(2628,1900),(1193,2575))
6 ((1438,101),(2623,1813),(154,896),(918,1690),(1377,2862),(1197,1369))

