107 107 0 0 106 106 0
0 0 0 0 0 0 0 0 0 0 0 0 0 0 0 0 0 0 0 0 0 0 0 0 0 0 0 0 0 0 0 0 0 0 0 0 0 0 0 0 0 0 0 0 0 0 0 0 0 0 0 0 0 0 0 0 0 0 0 0 0 0 0 0 0 0 0 0 0 0 0 0 0 0 0 0 0 0 0 0 0 0 0 0 0 0 0 0 0 0 0 0 0 0 0 0 0 0 0 0 0 0 0 0 0 0 9999
9999 9999 9999 9999 9999 9999 9999 9999 9999 9999 9999 9999 9999 9999 9999 9999 9999 9999 9999 9999 9999 9999 9999 9999 9999 9999 9999 9999 9999 9999 9999 9999 9999 9999 9999 9999 9999 9999 9999 9999 9999 9999 9999 9999 9999 9999 9999 9999 9999 9999 9999 9999 9999 9999 9999 9999 9999 9999 9999 9999 9999 9999 9999 9999 9999 9999 9999 9999 9999 9999 9999 9999 9999 9999 9999 9999 9999 9999 9999 9999 9999 9999 9999 9999 9999 9999 9999 9999 9999 9999 9999 9999 9999 9999 9999 9999 9999 9999 9999 9999 9999 9999 9999 9999 9999 0 9999
9999 0 0 0 0 0 0 0 0 0 0 0 0 0 0 0 0 0 0 0 0 0 0 0 0 0 0 0 0 0 0 0 0 0 0 0 0 0 0 0 0 0 0 0 0 0 0 0 0 0 0 0 0 0 0 0 0 0 0 0 0 0 0 0 0 0 0 0 0 0 0 0 0 0 0 0 0 0 0 0 0 0 0 0 0 0 0 0 0 0 0 0 0 0 0 0 0 0 0 0 0 0 0 0 9999 0 9999
9999 0 9999 9999 9999 9999 9999 9999 9999 9999 9999 9999 9999 9999 9999 9999 9999 9999 9999 9999 9999 9999 9999 9999 9999 9999 9999 9999 9999 9999 9999 9999 9999 9999 9999 9999 9999 9999 9999 9999 9999 9999 9999 9999 9999 9999 9999 9999 9999 9999 9999 9999 9999 9999 9999 9999 9999 9999 9999 9999 9999 9999 9999 9999 9999 9999 9999 9999 9999 9999 9999 9999 9999 9999 9999 9999 9999 9999 9999 9999 9999 9999 9999 9999 9999 9999 9999 9999 9999 9999 9999 9999 9999 9999 9999 9999 9999 9999 9999 9999 9999 9999 9999 0 9999 0 9999
9999 0 9999 0 0 0 0 0 0 0 0 0 0 0 0 0 0 0 0 0 0 0 0 0 0 0 0 0 0 0 0 0 0 0 0 0 0 0 0 0 0 0 0 0 0 0 0 0 0 0 0 0 0 0 0 0 0 0 0 0 0 0 0 0 0 0 0 0 0 0 0 0 0 0 0 0 0 0 0 0 0 0 0 0 0 0 0 0 0 0 0 0 0 0 0 0 0 0 0 0 0 0 9999 0 9999 0 9999
9999 0 9999 0 9999 9999 9999 9999 9999 9999 9999 9999 9999 9999 9999 9999 9999 9999 9999 9999 9999 9999 9999 9999 9999 9999 9999 9999 9999 9999 9999 9999 9999 9999 9999 9999 9999 9999 9999 9999 9999 9999 9999 9999 9999 9999 9999 9999 9999 9999 9999 9999 9999 9999 9999 9999 9999 9999 9999 9999 9999 9999 9999 9999 9999 9999 9999 9999 9999 9999 9999 9999 9999 9999 9999 9999 9999 9999 9999 9999 9999 9999 9999 9999 9999 9999 9999 9999 9999 9999 9999 9999 9999 9999 9999 9999 9999 9999 9999 9999 9999 0 9999 0 9999 0 9999
9999 0 9999 0 9999 0 0 0 0 0 0 0 0 0 0 0 0 0 0 0 0 0 0 0 0 0 0 0 0 0 0 0 0 0 0 0 0 0 0 0 0 0 0 0 0 0 0 0 0 0 0 0 0 0 0 0 0 0 0 0 0 0 0 0 0 0 0 0 0 0 0 0 0 0 0 0 0 0 0 0 0 0 0 0 0 0 0 0 0 0 0 0 0 0 0 0 0 0 0 0 9999 0 9999 0 9999 0 9999
9999 0 9999 0 9999 0 9999 9999 9999 9999 9999 9999 9999 9999 9999 9999 9999 9999 9999 9999 9999 9999 9999 9999 9999 9999 9999 9999 9999 9999 9999 9999 9999 9999 9999 9999 9999 9999 9999 9999 9999 9999 9999 9999 9999 9999 9999 9999 9999 9999 9999 9999 9999 9999 9999 9999 9999 9999 9999 9999 9999 9999 9999 9999 9999 9999 9999 9999 9999 9999 9999 9999 9999 9999 9999 9999 9999 9999 9999 9999 9999 9999 9999 9999 9999 9999 9999 9999 9999 9999 9999 9999 9999 9999 9999 9999 9999 9999 9999 0 9999 0 9999 0 9999 0 9999
9999 0 9999 0 9999 0 9999 0 0 0 0 0 0 0 0 0 0 0 0 0 0 0 0 0 0 0 0 0 0 0 0 0 0 0 0 0 0 0 0 0 0 0 0 0 0 0 0 0 0 0 0 0 0 0 0 0 0 0 0 0 0 0 0 0 0 0 0 0 0 0 0 0 0 0 0 0 0 0 0 0 0 0 0 0 0 0 0 0 0 0 0 0 0 0 0 0 0 0 9999 0 9999 0 9999 0 9999 0 9999
9999 0 9999 0 9999 0 9999 0 9999 9999 9999 9999 9999 9999 9999 9999 9999 9999 9999 9999 9999 9999 9999 9999 9999 9999 9999 9999 9999 9999 9999 9999 9999 9999 9999 9999 9999 9999 9999 9999 9999 9999 9999 9999 9999 9999 9999 9999 9999 9999 9999 9999 9999 9999 9999 9999 9999 9999 9999 9999 9999 9999 9999 9999 9999 9999 9999 9999 9999 9999 9999 9999 9999 9999 9999 9999 9999 9999 9999 9999 9999 9999 9999 9999 9999 9999 9999 9999 9999 9999 9999 9999 9999 9999 9999 9999 9999 0 9999 0 9999 0 9999 0 9999 0 9999
9999 0 9999 0 9999 0 9999 0 9999 0 0 0 0 0 0 0 0 0 0 0 0 0 0 0 0 0 0 0 0 0 0 0 0 0 0 0 0 0 0 0 0 0 0 0 0 0 0 0 0 0 0 0 0 0 0 0 0 0 0 0 0 0 0 0 0 0 0 0 0 0 0 0 0 0 0 0 0 0 0 0 0 0 0 0 0 0 0 0 0 0 0 0 0 0 0 0 9999 0 9999 0 9999 0 9999 0 9999 0 9999
9999 0 9999 0 9999 0 9999 0 9999 0 9999 9999 9999 9999 9999 9999 9999 9999 9999 9999 9999 9999 9999 9999 9999 9999 9999 9999 9999 9999 9999 9999 9999 9999 9999 9999 9999 9999 9999 9999 9999 9999 9999 9999 9999 9999 9999 9999 9999 9999 9999 9999 9999 9999 9999 9999 9999 9999 9999 9999 9999 9999 9999 9999 9999 9999 9999 9999 9999 9999 9999 9999 9999 9999 9999 9999 9999 9999 9999 9999 9999 9999 9999 9999 9999 9999 9999 9999 9999 9999 9999 9999 9999 9999 9999 0 9999 0 9999 0 9999 0 9999 0 9999 0 9999
9999 0 9999 0 9999 0 9999 0 9999 0 9999 0 0 0 0 0 0 0 0 0 0 0 0 0 0 0 0 0 0 0 0 0 0 0 0 0 0 0 0 0 0 0 0 0 0 0 0 0 0 0 0 0 0 0 0 0 0 0 0 0 0 0 0 0 0 0 0 0 0 0 0 0 0 0 0 0 0 0 0 0 0 0 0 0 0 0 0 0 0 0 0 0 0 0 9999 0 9999 0 9999 0 9999 0 9999 0 9999 0 9999
9999 0 9999 0 9999 0 9999 0 9999 0 9999 0 9999 9999 9999 9999 9999 9999 9999 9999 9999 9999 9999 9999 9999 9999 9999 9999 9999 9999 9999 9999 9999 9999 9999 9999 9999 9999 9999 9999 9999 9999 9999 9999 9999 9999 9999 9999 9999 9999 9999 9999 9999 9999 9999 9999 9999 9999 9999 9999 9999 9999 9999 9999 9999 9999 9999 9999 9999 9999 9999 9999 9999 9999 9999 9999 9999 9999 9999 9999 9999 9999 9999 9999 9999 9999 9999 9999 9999 9999 9999 9999 9999 0 9999 0 9999 0 9999 0 9999 0 9999 0 9999 0 9999
9999 0 9999 0 9999 0 9999 0 9999 0 9999 0 9999 0 0 0 0 0 0 0 0 0 0 0 0 0 0 0 0 0 0 0 0 0 0 0 0 0 0 0 0 0 0 0 0 0 0 0 0 0 0 0 0 0 0 0 0 0 0 0 0 0 0 0 0 0 0 0 0 0 0 0 0 0 0 0 0 0 0 0 0 0 0 0 0 0 0 0 0 0 0 0 9999 0 9999 0 9999 0 9999 0 9999 0 9999 0 9999 0 9999
9999 0 9999 0 9999 0 9999 0 9999 0 9999 0 9999 0 9999 9999 9999 9999 9999 9999 9999 9999 9999 9999 9999 9999 9999 9999 9999 9999 9999 9999 9999 9999 9999 9999 9999 9999 9999 9999 9999 9999 9999 9999 9999 9999 9999 9999 9999 9999 9999 9999 9999 9999 9999 9999 9999 9999 9999 9999 9999 9999 9999 9999 9999 9999 9999 9999 9999 9999 9999 9999 9999 9999 9999 9999 9999 9999 9999 9999 9999 9999 9999 9999 9999 9999 9999 9999 9999 9999 9999 0 9999 0 9999 0 9999 0 9999 0 9999 0 9999 0 9999 0 9999
9999 0 9999 0 9999 0 9999 0 9999 0 9999 0 9999 0 9999 0 0 0 0 0 0 0 0 0 0 0 0 0 0 0 0 0 0 0 0 0 0 0 0 0 0 0 0 0 0 0 0 0 0 0 0 0 0 0 0 0 0 0 0 0 0 0 0 0 0 0 0 0 0 0 0 0 0 0 0 0 0 0 0 0 0 0 0 0 0 0 0 0 0 0 9999 0 9999 0 9999 0 9999 0 9999 0 9999 0 9999 0 9999 0 9999
9999 0 9999 0 9999 0 9999 0 9999 0 9999 0 9999 0 9999 0 9999 9999 9999 9999 9999 9999 9999 9999 9999 9999 9999 9999 9999 9999 9999 9999 9999 9999 9999 9999 9999 9999 9999 9999 9999 9999 9999 9999 9999 9999 9999 9999 9999 9999 9999 9999 9999 9999 9999 9999 9999 9999 9999 9999 9999 9999 9999 9999 9999 9999 9999 9999 9999 9999 9999 9999 9999 9999 9999 9999 9999 9999 9999 9999 9999 9999 9999 9999 9999 9999 9999 9999 9999 0 9999 0 9999 0 9999 0 9999 0 9999 0 9999 0 9999 0 9999 0 9999
9999 0 9999 0 9999 0 9999 0 9999 0 9999 0 9999 0 9999 0 9999 0 0 0 0 0 0 0 0 0 0 0 0 0 0 0 0 0 0 0 0 0 0 0 0 0 0 0 0 0 0 0 0 0 0 0 0 0 0 0 0 0 0 0 0 0 0 0 0 0 0 0 0 0 0 0 0 0 0 0 0 0 0 0 0 0 0 0 0 0 0 0 9999 0 9999 0 9999 0 9999 0 9999 0 9999 0 9999 0 9999 0 9999 0 9999
9999 0 9999 0 9999 0 9999 0 9999 0 9999 0 9999 0 9999 0 9999 0 9999 9999 9999 9999 9999 9999 9999 9999 9999 9999 9999 9999 9999 9999 9999 9999 9999 9999 9999 9999 9999 9999 9999 9999 9999 9999 9999 9999 9999 9999 9999 9999 9999 9999 9999 9999 9999 9999 9999 9999 9999 9999 9999 9999 9999 9999 9999 9999 9999 9999 9999 9999 9999 9999 9999 9999 9999 9999 9999 9999 9999 9999 9999 9999 9999 9999 9999 9999 9999 0 9999 0 9999 0 9999 0 9999 0 9999 0 9999 0 9999 0 9999 0 9999 0 9999
9999 0 9999 0 9999 0 9999 0 9999 0 9999 0 9999 0 9999 0 9999 0 9999 0 0 0 0 0 0 0 0 0 0 0 0 0 0 0 0 0 0 0 0 0 0 0 0 0 0 0 0 0 0 0 0 0 0 0 0 0 0 0 0 0 0 0 0 0 0 0 0 0 0 0 0 0 0 0 0 0 0 0 0 0 0 0 0 0 0 0 9999 0 9999 0 9999 0 9999 0 9999 0 9999 0 9999 0 9999 0 9999 0 9999 0 9999
9999 0 9999 0 9999 0 9999 0 9999 0 9999 0 9999 0 9999 0 9999 0 9999 0 9999 9999 9999 9999 9999 9999 9999 9999 9999 9999 9999 9999 9999 9999 9999 9999 9999 9999 9999 9999 9999 9999 9999 9999 9999 9999 9999 9999 9999 9999 9999 9999 9999 9999 9999 9999 9999 9999 9999 9999 9999 9999 9999 9999 9999 9999 9999 9999 9999 9999 9999 9999 9999 9999 9999 9999 9999 9999 9999 9999 9999 9999 9999 9999 9999 0 9999 0 9999 0 9999 0 9999 0 9999 0 9999 0 9999 0 9999 0 9999 0 9999 0 9999
9999 0 9999 0 9999 0 9999 0 9999 0 9999 0 9999 0 9999 0 9999 0 9999 0 9999 0 0 0 0 0 0 0 0 0 0 0 0 0 0 0 0 0 0 0 0 0 0 0 0 0 0 0 0 0 0 0 0 0 0 0 0 0 0 0 0 0 0 0 0 0 0 0 0 0 0 0 0 0 0 0 0 0 0 0 0 0 0 0 9999 0 9999 0 9999 0 9999 0 9999 0 9999 0 9999 0 9999 0 9999 0 9999 0 9999 0 9999
9999 0 9999 0 9999 0 9999 0 9999 0 9999 0 9999 0 9999 0 9999 0 9999 0 9999 0 9999 9999 9999 9999 9999 9999 9999 9999 9999 9999 9999 9999 9999 9999 9999 9999 9999 9999 9999 9999 9999 9999 9999 9999 9999 9999 9999 9999 9999 9999 9999 9999 9999 9999 9999 9999 9999 9999 9999 9999 9999 9999 9999 9999 9999 9999 9999 9999 9999 9999 9999 9999 9999 9999 9999 9999 9999 9999 9999 9999 9999 0 9999 0 9999 0 9999 0 9999 0 9999 0 9999 0 9999 0 9999 0 9999 0 9999 0 9999 0 9999
9999 0 9999 0 9999 0 9999 0 9999 0 9999 0 9999 0 9999 0 9999 0 9999 0 9999 0 9999 0 0 0 0 0 0 0 0 0 0 0 0 0 0 0 0 0 0 0 0 0 0 0 0 0 0 0 0 0 0 0 0 0 0 0 0 0 0 0 0 0 0 0 0 0 0 0 0 0 0 0 0 0 0 0 0 0 0 0 9999 0 9999 0 9999 0 9999 0 9999 0 9999 0 9999 0 9999 0 9999 0 9999 0 9999 0 9999 0 9999
9999 0 9999 0 9999 0 9999 0 9999 0 9999 0 9999 0 9999 0 9999 0 9999 0 9999 0 9999 0 9999 9999 9999 9999 9999 9999 9999 9999 9999 9999 9999 9999 9999 9999 9999 9999 9999 9999 9999 9999 9999 9999 9999 9999 9999 9999 9999 9999 9999 9999 9999 9999 9999 9999 9999 9999 9999 9999 9999 9999 9999 9999 9999 9999 9999 9999 9999 9999 9999 9999 9999 9999 9999 9999 9999 9999 9999 0 9999 0 9999 0 9999 0 9999 0 9999 0 9999 0 9999 0 9999 0 9999 0 9999 0 9999 0 9999 0 9999
9999 0 9999 0 9999 0 9999 0 9999 0 9999 0 9999 0 9999 0 9999 0 9999 0 9999 0 9999 0 9999 0 0 0 0 0 0 0 0 0 0 0 0 0 0 0 0 0 0 0 0 0 0 0 0 0 0 0 0 0 0 0 0 0 0 0 0 0 0 0 0 0 0 0 0 0 0 0 0 0 0 0 0 0 0 0 9999 0 9999 0 9999 0 9999 0 9999 0 9999 0 9999 0 9999 0 9999 0 9999 0 9999 0 9999 0 9999 0 9999
9999 0 9999 0 9999 0 9999 0 9999 0 9999 0 9999 0 9999 0 9999 0 9999 0 9999 0 9999 0 9999 0 9999 9999 9999 9999 9999 9999 9999 9999 9999 9999 9999 9999 9999 9999 9999 9999 9999 9999 9999 9999 9999 9999 9999 9999 9999 9999 9999 9999 9999 9999 9999 9999 9999 9999 9999 9999 9999 9999 9999 9999 9999 9999 9999 9999 9999 9999 9999 9999 9999 9999 9999 9999 9999 0 9999 0 9999 0 9999 0 9999 0 9999 0 9999 0 9999 0 9999 0 9999 0 9999 0 9999 0 9999 0 9999 0 9999
9999 0 9999 0 9999 0 9999 0 9999 0 9999 0 9999 0 9999 0 9999 0 9999 0 9999 0 9999 0 9999 0 9999 0 0 0 0 0 0 0 0 0 0 0 0 0 0 0 0 0 0 0 0 0 0 0 0 0 0 0 0 0 0 0 0 0 0 0 0 0 0 0 0 0 0 0 0 0 0 0 0 0 0 0 9999 0 9999 0 9999 0 9999 0 9999 0 9999 0 9999 0 9999 0 9999 0 9999 0 9999 0 9999 0 9999 0 9999 0 9999
9999 0 9999 0 9999 0 9999 0 9999 0 9999 0 9999 0 9999 0 9999 0 9999 0 9999 0 9999 0 9999 0 9999 0 9999 9999 9999 9999 9999 9999 9999 9999 9999 9999 9999 9999 9999 9999 9999 9999 9999 9999 9999 9999 9999 9999 9999 9999 9999 9999 9999 9999 9999 9999 9999 9999 9999 9999 9999 9999 9999 9999 9999 9999 9999 9999 9999 9999 9999 9999 9999 9999 9999 0 9999 0 9999 0 9999 0 9999 0 9999 0 9999 0 9999 0 9999 0 9999 0 9999 0 9999 0 9999 0 9999 0 9999 0 9999
9999 0 9999 0 9999 0 9999 0 9999 0 9999 0 9999 0 9999 0 9999 0 9999 0 9999 0 9999 0 9999 0 9999 0 9999 0 0 0 0 0 0 0 0 0 0 0 0 0 0 0 0 0 0 0 0 0 0 0 0 0 0 0 0 0 0 0 0 0 0 0 0 0 0 0 0 0 0 0 0 0 0 0 9999 0 9999 0 9999 0 9999 0 9999 0 9999 0 9999 0 9999 0 9999 0 9999 0 9999 0 9999 0 9999 0 9999 0 9999 0 9999
9999 0 9999 0 9999 0 9999 0 9999 0 9999 0 9999 0 9999 0 9999 0 9999 0 9999 0 9999 0 9999 0 9999 0 9999 0 9999 9999 9999 9999 9999 9999 9999 9999 9999 9999 9999 9999 9999 9999 9999 9999 9999 9999 9999 9999 9999 9999 9999 9999 9999 9999 9999 9999 9999 9999 9999 9999 9999 9999 9999 9999 9999 9999 9999 9999 9999 9999 9999 9999 9999 0 9999 0 9999 0 9999 0 9999 0 9999 0 9999 0 9999 0 9999 0 9999 0 9999 0 9999 0 9999 0 9999 0 9999 0 9999 0 9999
9999 0 9999 0 9999 0 9999 0 9999 0 9999 0 9999 0 9999 0 9999 0 9999 0 9999 0 9999 0 9999 0 9999 0 9999 0 9999 0 0 0 0 0 0 0 0 0 0 0 0 0 0 0 0 0 0 0 0 0 0 0 0 0 0 0 0 0 0 0 0 0 0 0 0 0 0 0 0 0 0 0 9999 0 9999 0 9999 0 9999 0 9999 0 9999 0 9999 0 9999 0 9999 0 9999 0 9999 0 9999 0 9999 0 9999 0 9999 0 9999 0 9999
9999 0 9999 0 9999 0 9999 0 9999 0 9999 0 9999 0 9999 0 9999 0 9999 0 9999 0 9999 0 9999 0 9999 0 9999 0 9999 0 9999 9999 9999 9999 9999 9999 9999 9999 9999 9999 9999 9999 9999 9999 9999 9999 9999 9999 9999 9999 9999 9999 9999 9999 9999 9999 9999 9999 9999 9999 9999 9999 9999 9999 9999 9999 9999 9999 9999 9999 9999 0 9999 0 9999 0 9999 0 9999 0 9999 0 9999 0 9999 0 9999 0 9999 0 9999 0 9999 0 9999 0 9999 0 9999 0 9999 0 9999 0 9999
9999 0 9999 0 9999 0 9999 0 9999 0 9999 0 9999 0 9999 0 9999 0 9999 0 9999 0 9999 0 9999 0 9999 0 9999 0 9999 0 9999 0 0 0 0 0 0 0 0 0 0 0 0 0 0 0 0 0 0 0 0 0 0 0 0 0 0 0 0 0 0 0 0 0 0 0 0 0 0 0 9999 0 9999 0 9999 0 9999 0 9999 0 9999 0 9999 0 9999 0 9999 0 9999 0 9999 0 9999 0 9999 0 9999 0 9999 0 9999 0 9999 0 9999
9999 0 9999 0 9999 0 9999 0 9999 0 9999 0 9999 0 9999 0 9999 0 9999 0 9999 0 9999 0 9999 0 9999 0 9999 0 9999 0 9999 0 9999 9999 9999 9999 9999 9999 9999 9999 9999 9999 9999 9999 9999 9999 9999 9999 9999 9999 9999 9999 9999 9999 9999 9999 9999 9999 9999 9999 9999 9999 9999 9999 9999 9999 9999 9999 9999 0 9999 0 9999 0 9999 0 9999 0 9999 0 9999 0 9999 0 9999 0 9999 0 9999 0 9999 0 9999 0 9999 0 9999 0 9999 0 9999 0 9999 0 9999
9999 0 9999 0 9999 0 9999 0 9999 0 9999 0 9999 0 9999 0 9999 0 9999 0 9999 0 9999 0 9999 0 9999 0 9999 0 9999 0 9999 0 9999 0 0 0 0 0 0 0 0 0 0 0 0 0 0 0 0 0 0 0 0 0 0 0 0 0 0 0 0 0 0 0 0 0 0 0 9999 0 9999 0 9999 0 9999 0 9999 0 9999 0 9999 0 9999 0 9999 0 9999 0 9999 0 9999 0 9999 0 9999 0 9999 0 9999 0 9999 0 9999 0 9999
9999 0 9999 0 9999 0 9999 0 9999 0 9999 0 9999 0 9999 0 9999 0 9999 0 9999 0 9999 0 9999 0 9999 0 9999 0 9999 0 9999 0 9999 0 9999 9999 9999 9999 9999 9999 9999 9999 9999 9999 9999 9999 9999 9999 9999 9999 9999 9999 9999 9999 9999 9999 9999 9999 9999 9999 9999 9999 9999 9999 9999 9999 9999 0 9999 0 9999 0 9999 0 9999 0 9999 0 9999 0 9999 0 9999 0 9999 0 9999 0 9999 0 9999 0 9999 0 9999 0 9999 0 9999 0 9999 0 9999 0 9999
9999 0 9999 0 9999 0 9999 0 9999 0 9999 0 9999 0 9999 0 9999 0 9999 0 9999 0 9999 0 9999 0 9999 0 9999 0 9999 0 9999 0 9999 0 9999 0 0 0 0 0 0 0 0 0 0 0 0 0 0 0 0 0 0 0 0 0 0 0 0 0 0 0 0 0 0 0 9999 0 9999 0 9999 0 9999 0 9999 0 9999 0 9999 0 9999 0 9999 0 9999 0 9999 0 9999 0 9999 0 9999 0 9999 0 9999 0 9999 0 9999 0 9999 0 9999
9999 0 9999 0 9999 0 9999 0 9999 0 9999 0 9999 0 9999 0 9999 0 9999 0 9999 0 9999 0 9999 0 9999 0 9999 0 9999 0 9999 0 9999 0 9999 0 9999 9999 9999 9999 9999 9999 9999 9999 9999 9999 9999 9999 9999 9999 9999 9999 9999 9999 9999 9999 9999 9999 9999 9999 9999 9999 9999 9999 9999 0 9999 0 9999 0 9999 0 9999 0 9999 0 9999 0 9999 0 9999 0 9999 0 9999 0 9999 0 9999 0 9999 0 9999 0 9999 0 9999 0 9999 0 9999 0 9999 0 9999
9999 0 9999 0 9999 0 9999 0 9999 0 9999 0 9999 0 9999 0 9999 0 9999 0 9999 0 9999 0 9999 0 9999 0 9999 0 9999 0 9999 0 9999 0 9999 0 9999 0 0 0 0 0 0 0 0 0 0 0 0 0 0 0 0 0 0 0 0 0 0 0 0 0 0 0 9999 0 9999 0 9999 0 9999 0 9999 0 9999 0 9999 0 9999 0 9999 0 9999 0 9999 0 9999 0 9999 0 9999 0 9999 0 9999 0 9999 0 9999 0 9999 0 9999 0 9999
9999 0 9999 0 9999 0 9999 0 9999 0 9999 0 9999 0 9999 0 9999 0 9999 0 9999 0 9999 0 9999 0 9999 0 9999 0 9999 0 9999 0 9999 0 9999 0 9999 0 9999 9999 9999 9999 9999 9999 9999 9999 9999 9999 9999 9999 9999 9999 9999 9999 9999 9999 9999 9999 9999 9999 9999 9999 9999 0 9999 0 9999 0 9999 0 9999 0 9999 0 9999 0 9999 0 9999 0 9999 0 9999 0 9999 0 9999 0 9999 0 9999 0 9999 0 9999 0 9999 0 9999 0 9999 0 9999 0 9999
9999 0 9999 0 9999 0 9999 0 9999 0 9999 0 9999 0 9999 0 9999 0 9999 0 9999 0 9999 0 9999 0 9999 0 9999 0 9999 0 9999 0 9999 0 9999 0 9999 0 9999 0 0 0 0 0 0 0 0 0 0 0 0 0 0 0 0 0 0 0 0 0 0 0 9999 0 9999 0 9999 0 9999 0 9999 0 9999 0 9999 0 9999 0 9999 0 9999 0 9999 0 9999 0 9999 0 9999 0 9999 0 9999 0 9999 0 9999 0 9999 0 9999 0 9999 0 9999
9999 0 9999 0 9999 0 9999 0 9999 0 9999 0 9999 0 9999 0 9999 0 9999 0 9999 0 9999 0 9999 0 9999 0 9999 0 9999 0 9999 0 9999 0 9999 0 9999 0 9999 0 9999 9999 9999 9999 9999 9999 9999 9999 9999 9999 9999 9999 9999 9999 9999 9999 9999 9999 9999 9999 9999 0 9999 0 9999 0 9999 0 9999 0 9999 0 9999 0 9999 0 9999 0 9999 0 9999 0 9999 0 9999 0 9999 0 9999 0 9999 0 9999 0 9999 0 9999 0 9999 0 9999 0 9999 0 9999
9999 0 9999 0 9999 0 9999 0 9999 0 9999 0 9999 0 9999 0 9999 0 9999 0 9999 0 9999 0 9999 0 9999 0 9999 0 9999 0 9999 0 9999 0 9999 0 9999 0 9999 0 9999 0 0 0 0 0 0 0 0 0 0 0 0 0 0 0 0 0 0 0 9999 0 9999 0 9999 0 9999 0 9999 0 9999 0 9999 0 9999 0 9999 0 9999 0 9999 0 9999 0 9999 0 9999 0 9999 0 9999 0 9999 0 9999 0 9999 0 9999 0 9999 0 9999 0 9999
9999 0 9999 0 9999 0 9999 0 9999 0 9999 0 9999 0 9999 0 9999 0 9999 0 9999 0 9999 0 9999 0 9999 0 9999 0 9999 0 9999 0 9999 0 9999 0 9999 0 9999 0 9999 0 9999 9999 9999 9999 9999 9999 9999 9999 9999 9999 9999 9999 9999 9999 9999 9999 9999 0 9999 0 9999 0 9999 0 9999 0 9999 0 9999 0 9999 0 9999 0 9999 0 9999 0 9999 0 9999 0 9999 0 9999 0 9999 0 9999 0 9999 0 9999 0 9999 0 9999 0 9999 0 9999 0 9999
9999 0 9999 0 9999 0 9999 0 9999 0 9999 0 9999 0 9999 0 9999 0 9999 0 9999 0 9999 0 9999 0 9999 0 9999 0 9999 0 9999 0 9999 0 9999 0 9999 0 9999 0 9999 0 9999 0 0 0 0 0 0 0 0 0 0 0 0 0 0 0 9999 0 9999 0 9999 0 9999 0 9999 0 9999 0 9999 0 9999 0 9999 0 9999 0 9999 0 9999 0 9999 0 9999 0 9999 0 9999 0 9999 0 9999 0 9999 0 9999 0 9999 0 9999 0 9999 0 9999
9999 0 9999 0 9999 0 9999 0 9999 0 9999 0 9999 0 9999 0 9999 0 9999 0 9999 0 9999 0 9999 0 9999 0 9999 0 9999 0 9999 0 9999 0 9999 0 9999 0 9999 0 9999 0 9999 0 9999 9999 9999 9999 9999 9999 9999 9999 9999 9999 9999 9999 9999 0 9999 0 9999 0 9999 0 9999 0 9999 0 9999 0 9999 0 9999 0 9999 0 9999 0 9999 0 9999 0 9999 0 9999 0 9999 0 9999 0 9999 0 9999 0 9999 0 9999 0 9999 0 9999 0 9999 0 9999
9999 0 9999 0 9999 0 9999 0 9999 0 9999 0 9999 0 9999 0 9999 0 9999 0 9999 0 9999 0 9999 0 9999 0 9999 0 9999 0 9999 0 9999 0 9999 0 9999 0 9999 0 9999 0 9999 0 9999 0 0 0 0 0 0 0 0 0 0 0 9999 0 9999 0 9999 0 9999 0 9999 0 9999 0 9999 0 9999 0 9999 0 9999 0 9999 0 9999 0 9999 0 9999 0 9999 0 9999 0 9999 0 9999 0 9999 0 9999 0 9999 0 9999 0 9999 0 9999 0 9999
9999 0 9999 0 9999 0 9999 0 9999 0 9999 0 9999 0 9999 0 9999 0 9999 0 9999 0 9999 0 9999 0 9999 0 9999 0 9999 0 9999 0 9999 0 9999 0 9999 0 9999 0 9999 0 9999 0 9999 0 9999 9999 9999 9999 9999 9999 9999 9999 9999 0 9999 0 9999 0 9999 0 9999 0 9999 0 9999 0 9999 0 9999 0 9999 0 9999 0 9999 0 9999 0 9999 0 9999 0 9999 0 9999 0 9999 0 9999 0 9999 0 9999 0 9999 0 9999 0 9999 0 9999 0 9999
9999 0 9999 0 9999 0 9999 0 9999 0 9999 0 9999 0 9999 0 9999 0 9999 0 9999 0 9999 0 9999 0 9999 0 9999 0 9999 0 9999 0 9999 0 9999 0 9999 0 9999 0 9999 0 9999 0 9999 0 9999 0 0 0 0 0 0 0 9999 0 9999 0 9999 0 9999 0 9999 0 9999 0 9999 0 9999 0 9999 0 9999 0 9999 0 9999 0 9999 0 9999 0 9999 0 9999 0 9999 0 9999 0 9999 0 9999 0 9999 0 9999 0 9999 0 9999 0 9999 0 9999
9999 0 9999 0 9999 0 9999 0 9999 0 9999 0 9999 0 9999 0 9999 0 9999 0 9999 0 9999 0 9999 0 9999 0 9999 0 9999 0 9999 0 9999 0 9999 0 9999 0 9999 0 9999 0 9999 0 9999 0 9999 0 9999 9999 9999 9999 9999 0 9999 0 9999 0 9999 0 9999 0 9999 0 9999 0 9999 0 9999 0 9999 0 9999 0 9999 0 9999 0 9999 0 9999 0 9999 0 9999 0 9999 0 9999 0 9999 0 9999 0 9999 0 9999 0 9999 0 9999 0 9999 0 9999
9999 0 9999 0 9999 0 9999 0 9999 0 9999 0 9999 0 9999 0 9999 0 9999 0 9999 0 9999 0 9999 0 9999 0 9999 0 9999 0 9999 0 9999 0 9999 0 9999 0 9999 0 9999 0 9999 0 9999 0 9999 0 9999 0 0 0 9999 0 9999 0 9999 0 9999 0 9999 0 9999 0 9999 0 9999 0 9999 0 9999 0 9999 0 9999 0 9999 0 9999 0 9999 0 9999 0 9999 0 9999 0 9999 0 9999 0 9999 0 9999 0 9999 0 9999 0 9999 0 9999 0 9999
9999 0 9999 0 9999 0 9999 0 9999 0 9999 0 9999 0 9999 0 9999 0 9999 0 9999 0 9999 0 9999 0 9999 0 9999 0 9999 0 9999 0 9999 0 9999 0 9999 0 9999 0 9999 0 9999 0 9999 0 9999 0 9999 0 9999 0 9999 0 9999 0 9999 0 9999 0 9999 0 9999 0 9999 0 9999 0 9999 0 9999 0 9999 0 9999 0 9999 0 9999 0 9999 0 9999 0 9999 0 9999 0 9999 0 9999 0 9999 0 9999 0 9999 0 9999 0 9999 0 9999 0 9999
9999 0 9999 0 9999 0 9999 0 9999 0 9999 0 9999 0 9999 0 9999 0 9999 0 9999 0 9999 0 9999 0 9999 0 9999 0 9999 0 9999 0 9999 0 9999 0 9999 0 9999 0 9999 0 9999 0 9999 0 9999 0 9999 0 9999 0 0 0 9999 0 9999 0 9999 0 9999 0 9999 0 9999 0 9999 0 9999 0 9999 0 9999 0 9999 0 9999 0 9999 0 9999 0 9999 0 9999 0 9999 0 9999 0 9999 0 9999 0 9999 0 9999 0 9999 0 9999 0 9999 0 9999
9999 0 9999 0 9999 0 9999 0 9999 0 9999 0 9999 0 9999 0 9999 0 9999 0 9999 0 9999 0 9999 0 9999 0 9999 0 9999 0 9999 0 9999 0 9999 0 9999 0 9999 0 9999 0 9999 0 9999 0 9999 0 9999 0 9999 9999 9999 9999 9999 0 9999 0 9999 0 9999 0 9999 0 9999 0 9999 0 9999 0 9999 0 9999 0 9999 0 9999 0 9999 0 9999 0 9999 0 9999 0 9999 0 9999 0 9999 0 9999 0 9999 0 9999 0 9999 0 9999 0 9999 0 9999
9999 0 9999 0 9999 0 9999 0 9999 0 9999 0 9999 0 9999 0 9999 0 9999 0 9999 0 9999 0 9999 0 9999 0 9999 0 9999 0 9999 0 9999 0 9999 0 9999 0 9999 0 9999 0 9999 0 9999 0 9999 0 9999 0 0 0 0 0 0 0 9999 0 9999 0 9999 0 9999 0 9999 0 9999 0 9999 0 9999 0 9999 0 9999 0 9999 0 9999 0 9999 0 9999 0 9999 0 9999 0 9999 0 9999 0 9999 0 9999 0 9999 0 9999 0 9999 0 9999 0 9999
9999 0 9999 0 9999 0 9999 0 9999 0 9999 0 9999 0 9999 0 9999 0 9999 0 9999 0 9999 0 9999 0 9999 0 9999 0 9999 0 9999 0 9999 0 9999 0 9999 0 9999 0 9999 0 9999 0 9999 0 9999 0 9999 9999 9999 9999 9999 9999 9999 9999 9999 0 9999 0 9999 0 9999 0 9999 0 9999 0 9999 0 9999 0 9999 0 9999 0 9999 0 9999 0 9999 0 9999 0 9999 0 9999 0 9999 0 9999 0 9999 0 9999 0 9999 0 9999 0 9999 0 9999 0 9999
9999 0 9999 0 9999 0 9999 0 9999 0 9999 0 9999 0 9999 0 9999 0 9999 0 9999 0 9999 0 9999 0 9999 0 9999 0 9999 0 9999 0 9999 0 9999 0 9999 0 9999 0 9999 0 9999 0 9999 0 9999 0 0 0 0 0 0 0 0 0 0 0 9999 0 9999 0 9999 0 9999 0 9999 0 9999 0 9999 0 9999 0 9999 0 9999 0 9999 0 9999 0 9999 0 9999 0 9999 0 9999 0 9999 0 9999 0 9999 0 9999 0 9999 0 9999 0 9999 0 9999
9999 0 9999 0 9999 0 9999 0 9999 0 9999 0 9999 0 9999 0 9999 0 9999 0 9999 0 9999 0 9999 0 9999 0 9999 0 9999 0 9999 0 9999 0 9999 0 9999 0 9999 0 9999 0 9999 0 9999 0 9999 9999 9999 9999 9999 9999 9999 9999 9999 9999 9999 9999 9999 0 9999 0 9999 0 9999 0 9999 0 9999 0 9999 0 9999 0 9999 0 9999 0 9999 0 9999 0 9999 0 9999 0 9999 0 9999 0 9999 0 9999 0 9999 0 9999 0 9999 0 9999 0 9999 0 9999
9999 0 9999 0 9999 0 9999 0 9999 0 9999 0 9999 0 9999 0 9999 0 9999 0 9999 0 9999 0 9999 0 9999 0 9999 0 9999 0 9999 0 9999 0 9999 0 9999 0 9999 0 9999 0 9999 0 9999 0 0 0 0 0 0 0 0 0 0 0 0 0 0 0 9999 0 9999 0 9999 0 9999 0 9999 0 9999 0 9999 0 9999 0 9999 0 9999 0 9999 0 9999 0 9999 0 9999 0 9999 0 9999 0 9999 0 9999 0 9999 0 9999 0 9999 0 9999 0 9999
9999 0 9999 0 9999 0 9999 0 9999 0 9999 0 9999 0 9999 0 9999 0 9999 0 9999 0 9999 0 9999 0 9999 0 9999 0 9999 0 9999 0 9999 0 9999 0 9999 0 9999 0 9999 0 9999 0 9999 9999 9999 9999 9999 9999 9999 9999 9999 9999 9999 9999 9999 9999 9999 9999 9999 0 9999 0 9999 0 9999 0 9999 0 9999 0 9999 0 9999 0 9999 0 9999 0 9999 0 9999 0 9999 0 9999 0 9999 0 9999 0 9999 0 9999 0 9999 0 9999 0 9999 0 9999 0 9999
9999 0 9999 0 9999 0 9999 0 9999 0 9999 0 9999 0 9999 0 9999 0 9999 0 9999 0 9999 0 9999 0 9999 0 9999 0 9999 0 9999 0 9999 0 9999 0 9999 0 9999 0 9999 0 9999 0 0 0 0 0 0 0 0 0 0 0 0 0 0 0 0 0 0 0 9999 0 9999 0 9999 0 9999 0 9999 0 9999 0 9999 0 9999 0 9999 0 9999 0 9999 0 9999 0 9999 0 9999 0 9999 0 9999 0 9999 0 9999 0 9999 0 9999 0 9999 0 9999
9999 0 9999 0 9999 0 9999 0 9999 0 9999 0 9999 0 9999 0 9999 0 9999 0 9999 0 9999 0 9999 0 9999 0 9999 0 9999 0 9999 0 9999 0 9999 0 9999 0 9999 0 9999 0 9999 9999 9999 9999 9999 9999 9999 9999 9999 9999 9999 9999 9999 9999 9999 9999 9999 9999 9999 9999 9999 0 9999 0 9999 0 9999 0 9999 0 9999 0 9999 0 9999 0 9999 0 9999 0 9999 0 9999 0 9999 0 9999 0 9999 0 9999 0 9999 0 9999 0 9999 0 9999 0 9999 0 9999
9999 0 9999 0 9999 0 9999 0 9999 0 9999 0 9999 0 9999 0 9999 0 9999 0 9999 0 9999 0 9999 0 9999 0 9999 0 9999 0 9999 0 9999 0 9999 0 9999 0 9999 0 9999 0 0 0 0 0 0 0 0 0 0 0 0 0 0 0 0 0 0 0 0 0 0 0 9999 0 9999 0 9999 0 9999 0 9999 0 9999 0 9999 0 9999 0 9999 0 9999 0 9999 0 9999 0 9999 0 9999 0 9999 0 9999 0 9999 0 9999 0 9999 0 9999 0 9999
9999 0 9999 0 9999 0 9999 0 9999 0 9999 0 9999 0 9999 0 9999 0 9999 0 9999 0 9999 0 9999 0 9999 0 9999 0 9999 0 9999 0 9999 0 9999 0 9999 0 9999 0 9999 9999 9999 9999 9999 9999 9999 9999 9999 9999 9999 9999 9999 9999 9999 9999 9999 9999 9999 9999 9999 9999 9999 9999 9999 0 9999 0 9999 0 9999 0 9999 0 9999 0 9999 0 9999 0 9999 0 9999 0 9999 0 9999 0 9999 0 9999 0 9999 0 9999 0 9999 0 9999 0 9999 0 9999 0 9999
9999 0 9999 0 9999 0 9999 0 9999 0 9999 0 9999 0 9999 0 9999 0 9999 0 9999 0 9999 0 9999 0 9999 0 9999 0 9999 0 9999 0 9999 0 9999 0 9999 0 9999 0 0 0 0 0 0 0 0 0 0 0 0 0 0 0 0 0 0 0 0 0 0 0 0 0 0 0 9999 0 9999 0 9999 0 9999 0 9999 0 9999 0 9999 0 9999 0 9999 0 9999 0 9999 0 9999 0 9999 0 9999 0 9999 0 9999 0 9999 0 9999 0 9999 0 9999
9999 0 9999 0 9999 0 9999 0 9999 0 9999 0 9999 0 9999 0 9999 0 9999 0 9999 0 9999 0 9999 0 9999 0 9999 0 9999 0 9999 0 9999 0 9999 0 9999 0 9999 9999 9999 9999 9999 9999 9999 9999 9999 9999 9999 9999 9999 9999 9999 9999 9999 9999 9999 9999 9999 9999 9999 9999 9999 9999 9999 9999 9999 0 9999 0 9999 0 9999 0 9999 0 9999 0 9999 0 9999 0 9999 0 9999 0 9999 0 9999 0 9999 0 9999 0 9999 0 9999 0 9999 0 9999 0 9999 0 9999
9999 0 9999 0 9999 0 9999 0 9999 0 9999 0 9999 0 9999 0 9999 0 9999 0 9999 0 9999 0 9999 0 9999 0 9999 0 9999 0 9999 0 9999 0 9999 0 9999 0 0 0 0 0 0 0 0 0 0 0 0 0 0 0 0 0 0 0 0 0 0 0 0 0 0 0 0 0 0 0 9999 0 9999 0 9999 0 9999 0 9999 0 9999 0 9999 0 9999 0 9999 0 9999 0 9999 0 9999 0 9999 0 9999 0 9999 0 9999 0 9999 0 9999 0 9999
9999 0 9999 0 9999 0 9999 0 9999 0 9999 0 9999 0 9999 0 9999 0 9999 0 9999 0 9999 0 9999 0 9999 0 9999 0 9999 0 9999 0 9999 0 9999 0 9999 9999 9999 9999 9999 9999 9999 9999 9999 9999 9999 9999 9999 9999 9999 9999 9999 9999 9999 9999 9999 9999 9999 9999 9999 9999 9999 9999 9999 9999 9999 9999 9999 0 9999 0 9999 0 9999 0 9999 0 9999 0 9999 0 9999 0 9999 0 9999 0 9999 0 9999 0 9999 0 9999 0 9999 0 9999 0 9999 0 9999 0 9999
9999 0 9999 0 9999 0 9999 0 9999 0 9999 0 9999 0 9999 0 9999 0 9999 0 9999 0 9999 0 9999 0 9999 0 9999 0 9999 0 9999 0 9999 0 9999 0 0 0 0 0 0 0 0 0 0 0 0 0 0 0 0 0 0 0 0 0 0 0 0 0 0 0 0 0 0 0 0 0 0 0 9999 0 9999 0 9999 0 9999 0 9999 0 9999 0 9999 0 9999 0 9999 0 9999 0 9999 0 9999 0 9999 0 9999 0 9999 0 9999 0 9999 0 9999
9999 0 9999 0 9999 0 9999 0 9999 0 9999 0 9999 0 9999 0 9999 0 9999 0 9999 0 9999 0 9999 0 9999 0 9999 0 9999 0 9999 0 9999 0 9999 9999 9999 9999 9999 9999 9999 9999 9999 9999 9999 9999 9999 9999 9999 9999 9999 9999 9999 9999 9999 9999 9999 9999 9999 9999 9999 9999 9999 9999 9999 9999 9999 9999 9999 9999 9999 0 9999 0 9999 0 9999 0 9999 0 9999 0 9999 0 9999 0 9999 0 9999 0 9999 0 9999 0 9999 0 9999 0 9999 0 9999 0 9999 0 9999
9999 0 9999 0 9999 0 9999 0 9999 0 9999 0 9999 0 9999 0 9999 0 9999 0 9999 0 9999 0 9999 0 9999 0 9999 0 9999 0 9999 0 9999 0 0 0 0 0 0 0 0 0 0 0 0 0 0 0 0 0 0 0 0 0 0 0 0 0 0 0 0 0 0 0 0 0 0 0 0 0 0 0 9999 0 9999 0 9999 0 9999 0 9999 0 9999 0 9999 0 9999 0 9999 0 9999 0 9999 0 9999 0 9999 0 9999 0 9999 0 9999 0 9999
9999 0 9999 0 9999 0 9999 0 9999 0 9999 0 9999 0 9999 0 9999 0 9999 0 9999 0 9999 0 9999 0 9999 0 9999 0 9999 0 9999 0 9999 9999 9999 9999 9999 9999 9999 9999 9999 9999 9999 9999 9999 9999 9999 9999 9999 9999 9999 9999 9999 9999 9999 9999 9999 9999 9999 9999 9999 9999 9999 9999 9999 9999 9999 9999 9999 9999 9999 9999 9999 0 9999 0 9999 0 9999 0 9999 0 9999 0 9999 0 9999 0 9999 0 9999 0 9999 0 9999 0 9999 0 9999 0 9999 0 9999 0 9999
9999 0 9999 0 9999 0 9999 0 9999 0 9999 0 9999 0 9999 0 9999 0 9999 0 9999 0 9999 0 9999 0 9999 0 9999 0 9999 0 9999 0 0 0 0 0 0 0 0 0 0 0 0 0 0 0 0 0 0 0 0 0 0 0 0 0 0 0 0 0 0 0 0 0 0 0 0 0 0 0 0 0 0 0 9999 0 9999 0 9999 0 9999 0 9999 0 9999 0 9999 0 9999 0 9999 0 9999 0 9999 0 9999 0 9999 0 9999 0 9999 0 9999
9999 0 9999 0 9999 0 9999 0 9999 0 9999 0 9999 0 9999 0 9999 0 9999 0 9999 0 9999 0 9999 0 9999 0 9999 0 9999 0 9999 9999 9999 9999 9999 9999 9999 9999 9999 9999 9999 9999 9999 9999 9999 9999 9999 9999 9999 9999 9999 9999 9999 9999 9999 9999 9999 9999 9999 9999 9999 9999 9999 9999 9999 9999 9999 9999 9999 9999 9999 9999 9999 9999 9999 0 9999 0 9999 0 9999 0 9999 0 9999 0 9999 0 9999 0 9999 0 9999 0 9999 0 9999 0 9999 0 9999 0 9999 0 9999
9999 0 9999 0 9999 0 9999 0 9999 0 9999 0 9999 0 9999 0 9999 0 9999 0 9999 0 9999 0 9999 0 9999 0 9999 0 9999 0 0 0 0 0 0 0 0 0 0 0 0 0 0 0 0 0 0 0 0 0 0 0 0 0 0 0 0 0 0 0 0 0 0 0 0 0 0 0 0 0 0 0 0 0 0 0 9999 0 9999 0 9999 0 9999 0 9999 0 9999 0 9999 0 9999 0 9999 0 9999 0 9999 0 9999 0 9999 0 9999 0 9999
9999 0 9999 0 9999 0 9999 0 9999 0 9999 0 9999 0 9999 0 9999 0 9999 0 9999 0 9999 0 9999 0 9999 0 9999 0 9999 9999 9999 9999 9999 9999 9999 9999 9999 9999 9999 9999 9999 9999 9999 9999 9999 9999 9999 9999 9999 9999 9999 9999 9999 9999 9999 9999 9999 9999 9999 9999 9999 9999 9999 9999 9999 9999 9999 9999 9999 9999 9999 9999 9999 9999 9999 9999 9999 0 9999 0 9999 0 9999 0 9999 0 9999 0 9999 0 9999 0 9999 0 9999 0 9999 0 9999 0 9999 0 9999 0 9999
9999 0 9999 0 9999 0 9999 0 9999 0 9999 0 9999 0 9999 0 9999 0 9999 0 9999 0 9999 0 9999 0 9999 0 9999 0 0 0 0 0 0 0 0 0 0 0 0 0 0 0 0 0 0 0 0 0 0 0 0 0 0 0 0 0 0 0 0 0 0 0 0 0 0 0 0 0 0 0 0 0 0 0 0 0 0 0 9999 0 9999 0 9999 0 9999 0 9999 0 9999 0 9999 0 9999 0 9999 0 9999 0 9999 0 9999 0 9999 0 9999
9999 0 9999 0 9999 0 9999 0 9999 0 9999 0 9999 0 9999 0 9999 0 9999 0 9999 0 9999 0 9999 0 9999 0 9999 9999 9999 9999 9999 9999 9999 9999 9999 9999 9999 9999 9999 9999 9999 9999 9999 9999 9999 9999 9999 9999 9999 9999 9999 9999 9999 9999 9999 9999 9999 9999 9999 9999 9999 9999 9999 9999 9999 9999 9999 9999 9999 9999 9999 9999 9999 9999 9999 9999 9999 9999 9999 0 9999 0 9999 0 9999 0 9999 0 9999 0 9999 0 9999 0 9999 0 9999 0 9999 0 9999 0 9999 0 9999
9999 0 9999 0 9999 0 9999 0 9999 0 9999 0 9999 0 9999 0 9999 0 9999 0 9999 0 9999 0 9999 0 9999 0 0 0 0 0 0 0 0 0 0 0 0 0 0 0 0 0 0 0 0 0 0 0 0 0 0 0 0 0 0 0 0 0 0 0 0 0 0 0 0 0 0 0 0 0 0 0 0 0 0 0 0 0 0 0 9999 0 9999 0 9999 0 9999 0 9999 0 9999 0 9999 0 9999 0 9999 0 9999 0 9999 0 9999 0 9999
9999 0 9999 0 9999 0 9999 0 9999 0 9999 0 9999 0 9999 0 9999 0 9999 0 9999 0 9999 0 9999 0 9999 9999 9999 9999 9999 9999 9999 9999 9999 9999 9999 9999 9999 9999 9999 9999 9999 9999 9999 9999 9999 9999 9999 9999 9999 9999 9999 9999 9999 9999 9999 9999 9999 9999 9999 9999 9999 9999 9999 9999 9999 9999 9999 9999 9999 9999 9999 9999 9999 9999 9999 9999 9999 9999 9999 9999 9999 0 9999 0 9999 0 9999 0 9999 0 9999 0 9999 0 9999 0 9999 0 9999 0 9999 0 9999 0 9999
9999 0 9999 0 9999 0 9999 0 9999 0 9999 0 9999 0 9999 0 9999 0 9999 0 9999 0 9999 0 9999 0 0 0 0 0 0 0 0 0 0 0 0 0 0 0 0 0 0 0 0 0 0 0 0 0 0 0 0 0 0 0 0 0 0 0 0 0 0 0 0 0 0 0 0 0 0 0 0 0 0 0 0 0 0 0 0 0 0 0 9999 0 9999 0 9999 0 9999 0 9999 0 9999 0 9999 0 9999 0 9999 0 9999 0 9999 0 9999
9999 0 9999 0 9999 0 9999 0 9999 0 9999 0 9999 0 9999 0 9999 0 9999 0 9999 0 9999 0 9999 9999 9999 9999 9999 9999 9999 9999 9999 9999 9999 9999 9999 9999 9999 9999 9999 9999 9999 9999 9999 9999 9999 9999 9999 9999 9999 9999 9999 9999 9999 9999 9999 9999 9999 9999 9999 9999 9999 9999 9999 9999 9999 9999 9999 9999 9999 9999 9999 9999 9999 9999 9999 9999 9999 9999 9999 9999 9999 9999 9999 0 9999 0 9999 0 9999 0 9999 0 9999 0 9999 0 9999 0 9999 0 9999 0 9999 0 9999
9999 0 9999 0 9999 0 9999 0 9999 0 9999 0 9999 0 9999 0 9999 0 9999 0 9999 0 9999 0 0 0 0 0 0 0 0 0 0 0 0 0 0 0 0 0 0 0 0 0 0 0 0 0 0 0 0 0 0 0 0 0 0 0 0 0 0 0 0 0 0 0 0 0 0 0 0 0 0 0 0 0 0 0 0 0 0 0 0 0 0 0 9999 0 9999 0 9999 0 9999 0 9999 0 9999 0 9999 0 9999 0 9999 0 9999 0 9999
9999 0 9999 0 9999 0 9999 0 9999 0 9999 0 9999 0 9999 0 9999 0 9999 0 9999 0 9999 9999 9999 9999 9999 9999 9999 9999 9999 9999 9999 9999 9999 9999 9999 9999 9999 9999 9999 9999 9999 9999 9999 9999 9999 9999 9999 9999 9999 9999 9999 9999 9999 9999 9999 9999 9999 9999 9999 9999 9999 9999 9999 9999 9999 9999 9999 9999 9999 9999 9999 9999 9999 9999 9999 9999 9999 9999 9999 9999 9999 9999 9999 9999 9999 0 9999 0 9999 0 9999 0 9999 0 9999 0 9999 0 9999 0 9999 0 9999 0 9999
9999 0 9999 0 9999 0 9999 0 9999 0 9999 0 9999 0 9999 0 9999 0 9999 0 9999 0 0 0 0 0 0 0 0 0 0 0 0 0 0 0 0 0 0 0 0 0 0 0 0 0 0 0 0 0 0 0 0 0 0 0 0 0 0 0 0 0 0 0 0 0 0 0 0 0 0 0 0 0 0 0 0 0 0 0 0 0 0 0 0 0 0 0 9999 0 9999 0 9999 0 9999 0 9999 0 9999 0 9999 0 9999 0 9999 0 9999
9999 0 9999 0 9999 0 9999 0 9999 0 9999 0 9999 0 9999 0 9999 0 9999 0 9999 9999 9999 9999 9999 9999 9999 9999 9999 9999 9999 9999 9999 9999 9999 9999 9999 9999 9999 9999 9999 9999 9999 9999 9999 9999 9999 9999 9999 9999 9999 9999 9999 9999 9999 9999 9999 9999 9999 9999 9999 9999 9999 9999 9999 9999 9999 9999 9999 9999 9999 9999 9999 9999 9999 9999 9999 9999 9999 9999 9999 9999 9999 9999 9999 9999 9999 9999 9999 0 9999 0 9999 0 9999 0 9999 0 9999 0 9999 0 9999 0 9999 0 9999
9999 0 9999 0 9999 0 9999 0 9999 0 9999 0 9999 0 9999 0 9999 0 9999 0 0 0 0 0 0 0 0 0 0 0 0 0 0 0 0 0 0 0 0 0 0 0 0 0 0 0 0 0 0 0 0 0 0 0 0 0 0 0 0 0 0 0 0 0 0 0 0 0 0 0 0 0 0 0 0 0 0 0 0 0 0 0 0 0 0 0 0 0 0 0 9999 0 9999 0 9999 0 9999 0 9999 0 9999 0 9999 0 9999 0 9999
9999 0 9999 0 9999 0 9999 0 9999 0 9999 0 9999 0 9999 0 9999 0 9999 9999 9999 9999 9999 9999 9999 9999 9999 9999 9999 9999 9999 9999 9999 9999 9999 9999 9999 9999 9999 9999 9999 9999 9999 9999 9999 9999 9999 9999 9999 9999 9999 9999 9999 9999 9999 9999 9999 9999 9999 9999 9999 9999 9999 9999 9999 9999 9999 9999 9999 9999 9999 9999 9999 9999 9999 9999 9999 9999 9999 9999 9999 9999 9999 9999 9999 9999 9999 9999 9999 9999 9999 0 9999 0 9999 0 9999 0 9999 0 9999 0 9999 0 9999 0 9999
9999 0 9999 0 9999 0 9999 0 9999 0 9999 0 9999 0 9999 0 9999 0 0 0 0 0 0 0 0 0 0 0 0 0 0 0 0 0 0 0 0 0 0 0 0 0 0 0 0 0 0 0 0 0 0 0 0 0 0 0 0 0 0 0 0 0 0 0 0 0 0 0 0 0 0 0 0 0 0 0 0 0 0 0 0 0 0 0 0 0 0 0 0 0 0 0 9999 0 9999 0 9999 0 9999 0 9999 0 9999 0 9999 0 9999
9999 0 9999 0 9999 0 9999 0 9999 0 9999 0 9999 0 9999 0 9999 9999 9999 9999 9999 9999 9999 9999 9999 9999 9999 9999 9999 9999 9999 9999 9999 9999 9999 9999 9999 9999 9999 9999 9999 9999 9999 9999 9999 9999 9999 9999 9999 9999 9999 9999 9999 9999 9999 9999 9999 9999 9999 9999 9999 9999 9999 9999 9999 9999 9999 9999 9999 9999 9999 9999 9999 9999 9999 9999 9999 9999 9999 9999 9999 9999 9999 9999 9999 9999 9999 9999 9999 9999 9999 9999 9999 0 9999 0 9999 0 9999 0 9999 0 9999 0 9999 0 9999
9999 0 9999 0 9999 0 9999 0 9999 0 9999 0 9999 0 9999 0 0 0 0 0 0 0 0 0 0 0 0 0 0 0 0 0 0 0 0 0 0 0 0 0 0 0 0 0 0 0 0 0 0 0 0 0 0 0 0 0 0 0 0 0 0 0 0 0 0 0 0 0 0 0 0 0 0 0 0 0 0 0 0 0 0 0 0 0 0 0 0 0 0 0 0 0 0 0 9999 0 9999 0 9999 0 9999 0 9999 0 9999 0 9999
9999 0 9999 0 9999 0 9999 0 9999 0 9999 0 9999 0 9999 9999 9999 9999 9999 9999 9999 9999 9999 9999 9999 9999 9999 9999 9999 9999 9999 9999 9999 9999 9999 9999 9999 9999 9999 9999 9999 9999 9999 9999 9999 9999 9999 9999 9999 9999 9999 9999 9999 9999 9999 9999 9999 9999 9999 9999 9999 9999 9999 9999 9999 9999 9999 9999 9999 9999 9999 9999 9999 9999 9999 9999 9999 9999 9999 9999 9999 9999 9999 9999 9999 9999 9999 9999 9999 9999 9999 9999 9999 9999 9999 0 9999 0 9999 0 9999 0 9999 0 9999 0 9999
9999 0 9999 0 9999 0 9999 0 9999 0 9999 0 9999 0 0 0 0 0 0 0 0 0 0 0 0 0 0 0 0 0 0 0 0 0 0 0 0 0 0 0 0 0 0 0 0 0 0 0 0 0 0 0 0 0 0 0 0 0 0 0 0 0 0 0 0 0 0 0 0 0 0 0 0 0 0 0 0 0 0 0 0 0 0 0 0 0 0 0 0 0 0 0 0 0 0 0 9999 0 9999 0 9999 0 9999 0 9999 0 9999
9999 0 9999 0 9999 0 9999 0 9999 0 9999 0 9999 9999 9999 9999 9999 9999 9999 9999 9999 9999 9999 9999 9999 9999 9999 9999 9999 9999 9999 9999 9999 9999 9999 9999 9999 9999 9999 9999 9999 9999 9999 9999 9999 9999 9999 9999 9999 9999 9999 9999 9999 9999 9999 9999 9999 9999 9999 9999 9999 9999 9999 9999 9999 9999 9999 9999 9999 9999 9999 9999 9999 9999 9999 9999 9999 9999 9999 9999 9999 9999 9999 9999 9999 9999 9999 9999 9999 9999 9999 9999 9999 9999 9999 9999 9999 0 9999 0 9999 0 9999 0 9999 0 9999
9999 0 9999 0 9999 0 9999 0 9999 0 9999 0 0 0 0 0 0 0 0 0 0 0 0 0 0 0 0 0 0 0 0 0 0 0 0 0 0 0 0 0 0 0 0 0 0 0 0 0 0 0 0 0 0 0 0 0 0 0 0 0 0 0 0 0 0 0 0 0 0 0 0 0 0 0 0 0 0 0 0 0 0 0 0 0 0 0 0 0 0 0 0 0 0 0 0 0 0 0 9999 0 9999 0 9999 0 9999 0 9999
9999 0 9999 0 9999 0 9999 0 9999 0 9999 9999 9999 9999 9999 9999 9999 9999 9999 9999 9999 9999 9999 9999 9999 9999 9999 9999 9999 9999 9999 9999 9999 9999 9999 9999 9999 9999 9999 9999 9999 9999 9999 9999 9999 9999 9999 9999 9999 9999 9999 9999 9999 9999 9999 9999 9999 9999 9999 9999 9999 9999 9999 9999 9999 9999 9999 9999 9999 9999 9999 9999 9999 9999 9999 9999 9999 9999 9999 9999 9999 9999 9999 9999 9999 9999 9999 9999 9999 9999 9999 9999 9999 9999 9999 9999 9999 9999 9999 0 9999 0 9999 0 9999 0 9999
9999 0 9999 0 9999 0 9999 0 9999 0 0 0 0 0 0 0 0 0 0 0 0 0 0 0 0 0 0 0 0 0 0 0 0 0 0 0 0 0 0 0 0 0 0 0 0 0 0 0 0 0 0 0 0 0 0 0 0 0 0 0 0 0 0 0 0 0 0 0 0 0 0 0 0 0 0 0 0 0 0 0 0 0 0 0 0 0 0 0 0 0 0 0 0 0 0 0 0 0 0 0 9999 0 9999 0 9999 0 9999
9999 0 9999 0 9999 0 9999 0 9999 9999 9999 9999 9999 9999 9999 9999 9999 9999 9999 9999 9999 9999 9999 9999 9999 9999 9999 9999 9999 9999 9999 9999 9999 9999 9999 9999 9999 9999 9999 9999 9999 9999 9999 9999 9999 9999 9999 9999 9999 9999 9999 9999 9999 9999 9999 9999 9999 9999 9999 9999 9999 9999 9999 9999 9999 9999 9999 9999 9999 9999 9999 9999 9999 9999 9999 9999 9999 9999 9999 9999 9999 9999 9999 9999 9999 9999 9999 9999 9999 9999 9999 9999 9999 9999 9999 9999 9999 9999 9999 9999 9999 0 9999 0 9999 0 9999
9999 0 9999 0 9999 0 9999 0 0 0 0 0 0 0 0 0 0 0 0 0 0 0 0 0 0 0 0 0 0 0 0 0 0 0 0 0 0 0 0 0 0 0 0 0 0 0 0 0 0 0 0 0 0 0 0 0 0 0 0 0 0 0 0 0 0 0 0 0 0 0 0 0 0 0 0 0 0 0 0 0 0 0 0 0 0 0 0 0 0 0 0 0 0 0 0 0 0 0 0 0 0 0 9999 0 9999 0 9999
9999 0 9999 0 9999 0 9999 9999 9999 9999 9999 9999 9999 9999 9999 9999 9999 9999 9999 9999 9999 9999 9999 9999 9999 9999 9999 9999 9999 9999 9999 9999 9999 9999 9999 9999 9999 9999 9999 9999 9999 9999 9999 9999 9999 9999 9999 9999 9999 9999 9999 9999 9999 9999 9999 9999 9999 9999 9999 9999 9999 9999 9999 9999 9999 9999 9999 9999 9999 9999 9999 9999 9999 9999 9999 9999 9999 9999 9999 9999 9999 9999 9999 9999 9999 9999 9999 9999 9999 9999 9999 9999 9999 9999 9999 9999 9999 9999 9999 9999 9999 9999 9999 0 9999 0 9999
9999 0 9999 0 9999 0 0 0 0 0 0 0 0 0 0 0 0 0 0 0 0 0 0 0 0 0 0 0 0 0 0 0 0 0 0 0 0 0 0 0 0 0 0 0 0 0 0 0 0 0 0 0 0 0 0 0 0 0 0 0 0 0 0 0 0 0 0 0 0 0 0 0 0 0 0 0 0 0 0 0 0 0 0 0 0 0 0 0 0 0 0 0 0 0 0 0 0 0 0 0 0 0 0 0 9999 0 9999
9999 0 9999 0 9999 9999 9999 9999 9999 9999 9999 9999 9999 9999 9999 9999 9999 9999 9999 9999 9999 9999 9999 9999 9999 9999 9999 9999 9999 9999 9999 9999 9999 9999 9999 9999 9999 9999 9999 9999 9999 9999 9999 9999 9999 9999 9999 9999 9999 9999 9999 9999 9999 9999 9999 9999 9999 9999 9999 9999 9999 9999 9999 9999 9999 9999 9999 9999 9999 9999 9999 9999 9999 9999 9999 9999 9999 9999 9999 9999 9999 9999 9999 9999 9999 9999 9999 9999 9999 9999 9999 9999 9999 9999 9999 9999 9999 9999 9999 9999 9999 9999 9999 9999 9999 0 9999
9999 0 9999 0 0 0 0 0 0 0 0 0 0 0 0 0 0 0 0 0 0 0 0 0 0 0 0 0 0 0 0 0 0 0 0 0 0 0 0 0 0 0 0 0 0 0 0 0 0 0 0 0 0 0 0 0 0 0 0 0 0 0 0 0 0 0 0 0 0 0 0 0 0 0 0 0 0 0 0 0 0 0 0 0 0 0 0 0 0 0 0 0 0 0 0 0 0 0 0 0 0 0 0 0 0 0 9999
9999 0 9999 9999 9999 9999 9999 9999 9999 9999 9999 9999 9999 9999 9999 9999 9999 9999 9999 9999 9999 9999 9999 9999 9999 9999 9999 9999 9999 9999 9999 9999 9999 9999 9999 9999 9999 9999 9999 9999 9999 9999 9999 9999 9999 9999 9999 9999 9999 9999 9999 9999 9999 9999 9999 9999 9999 9999 9999 9999 9999 9999 9999 9999 9999 9999 9999 9999 9999 9999 9999 9999 9999 9999 9999 9999 9999 9999 9999 9999 9999 9999 9999 9999 9999 9999 9999 9999 9999 9999 9999 9999 9999 9999 9999 9999 9999 9999 9999 9999 9999 9999 9999 9999 9999 9999 9999
9999 0 0 0 0 0 0 0 0 0 0 0 0 0 0 0 0 0 0 0 0 0 0 0 0 0 0 0 0 0 0 0 0 0 0 0 0 0 0 0 0 0 0 0 0 0 0 0 0 0 0 0 0 0 0 0 0 0 0 0 0 0 0 0 0 0 0 0 0 0 0 0 0 0 0 0 0 0 0 0 0 0 0 0 0 0 0 0 0 0 0 0 0 0 0 0 0 0 0 0 0 0 0 0 0 0 0
