100 100 0 0 99 99 0
27 81 31 90 24 61 20 26 2 13 93 94 61 44 82 33 81 69 11 91 95 88 15 74 9 60 78 75 49 44 90 44 95 29 73 95 22 99 11 37 56 41 55 24 83 75 6 86 55 23 40 36 0 49 55 60 46 51 66 52 72 74 15 1 11 49 68 42 74 68 20 21 3 90 75 82 87 21 27 99 75 12 96 90 67 13 68 71 47 57 59 22 73 80 54 63 58 79 66 34
69 15 91 17 71 64 91 83 51 50 60 17 8 43 41 1 25 66 73 100 58 69 98 99 47 69 62 61 57 47 27 59 50 58 64 94 27 69 68 59 9 61 38 15 56 80 4 36 96 44 20 87 100 40 40 3 85 67 41 8 91 62 14 57 76 57 42 1 23 22 71 10 62 80 81 58 59 17 14 27 86 8 92 93 14 31 49 28 83 37 29 96 45 66 72 96 19 80 63 19
94 44 51 84 79 80 43 26 85 79 75 78 52 28 20 73 39 96 81 96 31 45 52 25 20 75 73 14 14 88 23 35 91 42 6 71 48 86 53 45 53 1 37 17 51 75 77 86 1 13 38 81 44 85 44 37 89 72 83 87 63 74 92 56 2 57 75 88 44 92 58 40 67 10 96 6 69 82 36 2 68 86 53 74 57 74 43 70 38 20 82 85 68 33 34 68 0 94 36 38
100 36 94 94 33 22 49 7 80 79 38 4 62 65 10 21 80 96 72 10 4 12 80 34 90 13 65 54 45 67 98 68 65 96 12 57 26 74 33 63 34 39 64 95 72 29 47 6 77 10 79 71 75 89 97 17 86 85 91 81 60 2 68 27 76 83 80 11 56 79 9 6 60 91 98 15 14 47 54 54 16 2 55 48 57 65 6 34 56 49 40 84 70 68 31 3 1 16 80 44
28 22 56 1 31 99 79 79 2 47 37 1 35 76 91 77 3 36 74 3 74 31 83 16 79 76 33 31 5 34 23 36 16 84 71 45 91 68 92 11 45 76 13 35 32 78 26 64 70 70 28 71 21 1 86 69 95 6 87 83 88 62 41 36 71 55 37 97 29 76 96 35 46 44 16 81 88 62 38 11 87 76 28 74 70 8 81 90 73 71 96 100 85 80 52 93 63 43 20 83
53 6 21 91 23 50 7 32 88 91 37 57 17 47 81 10 66 87 82 97 17 54 32 7 8 26 71 88 84 6 8 39 37 72 26 79 67 35 65 48 66 78 58 41 15 27 48 92 47 43 63 17 53 3 78 4 59 45 23 18 82 37 19 69 80 29 78 24 57 3 98 34 95 23 20 72 91 36 38 78 93 28 38 73 6 84 3 75 24 6 21 77 45 34 89 45 35 75 33 76
92 80 85 45 79 8 26 83 39 22 7 33 40 25 69 72 55 85 48 95 3 6 100 41 7 16 80 87 47 40 18 68 21 55 75 0 83 26 47 74 60 73 76 91 86 26 33 91 21 48 67 41 79 77 85 95 71 96 12 44 20 56 55 27 78 39 14 4 22 43 28 14 73 25 32 73 9 24 79 70 36 56 35 43 36 17 63 12 52 89 86 3 97 82 27 48 92 38 63 13
16 29 26 17 12 26 61 98 42 99 56 16 83 45 11 25 68 43 19 0 75 60 96 29 72 30 23 70 92 94 24 20 99 44 20 32 34 63 64 28 73 77 6 75 81 1 90 82 39 89 67 46 46 4 67 45 57 28 90 99 81 25 38 66 45 33 9 33 39 13 74 46 44 64 85 89 16 64 15 6 59 67 30 66 68 30 14 26 4 98 29 68 17 3 88 35 35 41 84 54
93 97 94 21 77 97 46 87 66 12 52 4 89 51 40 32 72 91 4 32 21 13 74 6 90 61 53 33 100 63 68 29 34 55 52 69 45 21 60 59 72 42 17 36 77 7 20 23 77 96 75 14 59 30 73 71 37 63 32 2 8 19 12 20 11 80 56 93 91 47 69 55 43 64 41 79 78 15 96 4 90 92 1 47 14 77 49 9 86 66 40 35 84 51 32 90 100 67 63 32
64 58 34 85 33 58 13 81 40 55 56 47 80 58 35 29 82 23 81 5 95 39 20 5 12 16 42 78 33 73 8 40 58 35 30 96 15 72 37 30 17 25 90 73 3 1 58 60 71 44 3 17 25 14 73 51 85 47 47 80 97 68 86 21 10 84 33 14 12 76 75 35 89 41 92 61 11 97 50 78 7 18 89 86 55 28 28 53 86 22 67 45 55 92 80 8 4 26 55 0
74 64 28 7 62 68 18 44 48 68 44 66 31 93 13 61 18 38 59 99 2 64 21 51 82 81 42 36 36 83 66 34 9 77 72 93 59 13 49 73 34 95 73 48 88 28 61 77 8 30 6 43 34 72 37 22 18 12 47 88 53 75 13 58 16 57 38 94 36 5 53 89 68 56 73 91 60 28 3 4 46 33 97 56 54 61 91 55 66 31 55 27 24 14 70 64 96 78 44 17
37 44 71 22 70 7 72 54 52 39 92 96 35 52 92 94 55 67 31 50 62 56 87 64 11 65 86 51 87 90 40 29 57 8 0 6 40 6 23 87 96 34 64 84 15 62 46 43 56 21 72 19 36 3 36 40 3 61 65 17 82 24 28 43 84 96 2 63 81 9 11 17 43 49 33 47 70 51 81 59 74 83 92 61 7 59 68 33 62 9 2 21 13 97 3 19 52 82 5 81
24 60 12 13 36 66 99 8 89 63 3 56 80 18 55 97 35 23 53 84 78 66 9 33 41 63 3 84 75 19 35 69 51 31 63 76 28 8 58 48 81 10 43 12 4 18 19 98 68 45 28 96 21 5 22 45 91 66 22 41 3 66 88 56 51 24 72 40 56 41 61 40 85 42 20 38 21 50 20 66 79 87 26 75 20 69 73 46 25 13 79 48 32 89 53 45 8 41 50 25
48 82 58 33 26 77 5 40 25 54 14 12 2 54 35 70 93 29 77 62 36 96 4 78 40 27 47 29 95 91 17 75 42 100 6 67 23 99 20 48 72 3 85 54 16 79 4 79 21 53 32 16 32 4 51 15 54 23 13 76 40 99 70 74 7 85 24 79 83 50 45 66 71 61 26 25 3 82 82 99 13 49 4 64 6 55 60 44 70 38 1 28 37 84 62 22 31 91 32 41
40 98 51 67 89 55 17 17 97 93 80 99 42 35 69 77 32 74 68 99 36 100 66 12 42 49 71 66 4 24 47 71 0 35 83 79 29 4 5 9 58 50 75 53 46 1 38 83 7 88 8 69 91 20 84 17 56 28 39 42 32 4 0 14 3 10 69 64 50 75 71 92 52 58 21 42 64 14 79 29 21 27 45 84 69 4 56 70 89 71 81 30 42 42 85 6 61 81 95 37
22 20 17 60 39 60 93 54 1 6 39 77 94 88 12 54 46 72 53 69 75 14 39 61 67 75 7 58 8 60 67 1 86 50 67 0 24 68 43 20 4 40 25 64 65 86 65 62 91 7 80 70 22 39 65 16 59 58 32 81 68 66 17 99 9 21 44 34 71 23 30 64 89 12 82 26 40 16 77 6 87 88 77 19 96 77 77 87 23 50 8 24 66 99 22 77 45 81 18 68
58 100 99 87 52 71 19 62 34 64 22 55 74 69 53 86 58 38 60 91 79 89 2 18 73 29 4 52 54 66 23 42 96 40 46 83 85 67 45 58 99 47 82 26 46 45 87 50 71 48 9 3 68 75 55 44 54 89 67 50 66 3 6 51 39 86 22 75 16 25 61 41 87 51 95 89 23 97 88 98 43 59 78 20 38 83 8 54 90 96 37 0 14 20 65 98 31 75 26 60
58 18 56 37 8 2 49 66 100 71 32 65 26 29 35 39 67 34 67 18 20 65 9 22 22 92 7 0 52 80 90 17 59 45 67 30 84 43 7 50 39 67 77 73 76 84 74 86 16 96 52 67 82 31 64 54 40 13 28 65 85 71 53 19 57 22 49 38 30 30 73 60 41 97 74 17 72 33 59 19 6 60 85 13 86 75 66 44 28 48 13 17 12 42 19 74 85 22 72 9
42 3 7 88 48 64 47 96 63 11 63 32 50 7 96 28 83 94 34 57 72 9 43 43 54 21 32 92 61 44 99 99 21 54 97 79 21 92 40 93 26 47 0 86 35 95 85 7 79 46 51 53 19 91 13 17 93 32 30 50 97 75 44 57 21 15 81 17 67 32 43 76 32 91 91 54 10 28 82 12 25 82 100 21 33 44 73 55 100 22 20 64 9 30 28 51 16 51 86 49
19 90 44 8 37 72 61 95 87 88 61 56 93 82 64 3 59 21 100 27 14 100 83 5 52 36 48 64 51 12 49 42 92 15 36 88 69 51 70 76 87 10 80 36 28 90 34 40 26 22 25 44 18 1 50 91 96 27 50 20 49 36 78 75 88 89 4 70 18 15 23 92 95 52 58 83 76 20 60 42 43 62 92 49 54 79 55 90 74 51 93 82 64 59 63 94 11 98 57 4
30 24 76 8 23 39 17 54 61 75 27 49 90 35 54 18 22 19 91 61 37 19 62 2 5 68 61 7 41 98 35 63 8 5 57 7 43 49 22 97 73 89 59 69 26 54 35 48 56 96 6 74 10 54 50 34 3 78 61 63 23 13 6 24 13 49 15 4 95 62 98 100 52 81 15 3 24 77 72 92 42 60 60 90 17 60 89 78 33 95 35 16 41 54 90 4 18 40 37 63
77 72 91 10 90 72 75 38 4 88 12 18 14 48 61 43 7 6 71 45 35 40 42 8 97 79 53 47 62 74 98 76 92 57 69 91 31 61 51 89 86 48 66 65 73 42 47 26 81 54 55 58 12 60 91 64 3 57 7 53 29 47 68 37 39 52 56 37 15 31 83 34 58 64 39 5 58 78 47 2 12 90 51 83 57 45 13 48 71 91 67 46 34 50 80 57 41 30 20 70
9 16 47 20 17 83 15 23 66 89 11 55 78 38 50 82 54 57 77 41 89 22 92 90 23 27 54 17 14 79 2 75 30 69 7 99 68 90 60 93 69 75 1 95 91 60 11 27 12 66 51 6 95 6 97 30 99 8 54 70 77 43 49 5 57 8 6 20 10 72 16 64 46 80 53 47 38 64 32 57 22 36 1 73 52 40 87 0 20 73 37 19 20 59 14 100 85 63 46 73
62 54 71 44 18 96 96 90 85 80 30 29 49 40 18 17 27 83 71 93 70 25 98 62 91 86 22 56 86 44 79 85 27 66 69 95 68 87 75 47 43 47 75 32 69 17 3 42 100 72 0 60 16 36 23 75 63 19 45 96 37 41 72 92 66 43 12 43 53 55 51 68 12 45 26 56 9 91 19 95 30 10 46 42 64 64 41 96 45 52 74 0 81 67 9 54 36 47 38 11
19 30 71 8 78 74 58 8 37 76 45 43 19 7 49 13 98 32 43 43 10 38 4 75 43 33 56 75 51 30 93 67 39 3 85 14 75 88 32 17 65 11 26 17 66 27 93 22 99 99 97 46 50 20 13 84 10 22 14 77 98 69 55 47 27 96 99 93 82 86 4 11 43 11 75 58 83 44 6 65 0 0 61 53 95 46 37 2 75 48 52 5 92 61 10 42 65 78 32 18
31 16 85 48 9 61 29 19 93 38 17 65 25 26 100 80 86 42 27 55 56 38 38 63 7 80 100 27 52 84 70 32 51 53 95 3 37 22 57 78 34 39 97 59 34 70 84 78 22 62 3 93 32 7 37 89 52 66 92 49 16 13 76 63 99 74 6 63 63 61 27 58 41 32 55 1 28 6 2 76 86 3 60 82 91 56 2 100 38 73 78 48 41 58 40 44 3 53 86 39
8 99 43 16 72 9 61 24 73 8 32 39 43 54 19 29 22 31 32 86 6 78 2 82 93 43 91 60 79 36 58 6 9 12 62 92 13 12 11 36 60 100 93 42 12 67 64 40 14 59 45 51 87 77 83 20 16 65 61 60 53 10 34 47 40 75 61 59 11 72 41 51 93 48 41 90 81 38 34 66 29 26 56 39 21 78 77 31 49 46 44 100 38 63 90 74 2 55 18 55
15 37 37 99 8 36 83 46 54 49 6 91 71 28 83 21 65 26 33 58 43 95 17 38 27 11 58 4 41 35 36 93 78 63 8 6 98 98 18 56 85 4 62 81 79 85 80 67 33 60 96 78 78 47 41 33 71 85 42 37 95 49 91 9 13 74 26 19 47 50 16 92 16 44 37 46 64 41 42 75 33 0 88 99 35 33 69 43 71 3 56 94 3 68 26 63 44 34 46 93
98 66 6 100 61 24 22 48 32 67 31 50 56 69 29 72 33 89 18 100 89 24 82 15 31 36 54 76 54 22 88 90 28 84 41 14 76 0 34 49 42 29 89 49 86 69 88 36 41 12 78 44 78 7 53 0 41 21 20 32 95 50 50 91 75 63 1 83 40 4 26 8 38 90 98 80 34 73 58 74 15 22 46 67 10 11 68 21 64 66 40 86 71 10 53 61 31 91 9 91
61 21 60 58 84 13 50 54 3 76 94 49 17 32 45 31 3 83 59 15 41 26 70 9 98 70 69 60 9 42 60 28 69 20 6 27 50 9 62 45 56 62 35 38 1 87 13 95 96 91 59 0 60 19 88 70 97 80 15 42 7 40 85 56 10 2 36 15 30 58 67 47 78 39 7 90 38 85 52 50 58 70 13 94 93 10 64 82 17 42 39 38 91 47 35 94 18 26 1 12
97 27 22 72 79 55 97 16 49 49 31 6 77 80 37 6 64 32 29 82 42 9 24 4 61 64 69 71 49 95 32 89 85 21 31 81 83 67 69 100 72 33 28 40 54 17 22 42 56 46 64 26 0 28 48 14 56 32 88 67 25 97 83 27 14 27 88 4 95 11 5 46 61 51 79 45 79 84 92 100 95 38 66 65 59 3 19 65 58 78 61 40 77 27 89 9 75 12 80 29
22 82 21 47 14 4 55 29 57 32 57 41 23 80 2 40 46 27 10 82 88 13 80 73 13 46 3 72 59 81 25 46 99 34 40 74 69 23 84 3 37 25 25 68 98 63 3 64 79 71 97 57 90 100 58 39 83 11 16 65 66 77 87 61 44 70 14 27 19 35 14 84 79 5 98 38 92 0 53 31 62 63 49 56 32 2 58 87 0 77 38 97 47 52 90 20 0 39 29 83
76 29 26 64 73 51 71 50 42 99 40 63 80 52 1 76 37 29 86 64 11 1 1 42 71 82 90 17 41 46 85 4 100 63 94 53 62 22 66 51 25 84 93 64 24 11 13 90 19 13 49 12 54 61 11 82 89 53 6 56 23 26 95 22 59 32 89 23 39 38 100 62 63 98 90 86 79 100 26 70 41 29 15 63 84 47 59 5 40 13 79 75 65 88 96 1 50 14 6 23
52 97 95 72 74 5 25 55 98 3 29 10 33 42 42 18 9 64 21 20 12 61 29 50 6 58 19 50 66 97 72 31 2 75 8 95 10 22 50 8 70 30 68 57 21 74 2 12 58 100 100 92 40 25 78 98 50 79 46 6 93 18 75 2 84 3 21 99 68 26 34 48 25 32 85 3 93 94 78 43 3 15 30 94 49 28 35 11 56 1 8 98 88 52 5 74 34 40 27 93
40 16 100 27 75 30 60 19 39 58 64 21 74 58 62 91 33 39 80 23 26 89 14 4 71 89 67 16 8 42 64 69 15 3 79 46 41 63 14 40 83 26 59 23 85 89 73 15 49 87 84 39 49 81 1 18 93 3 78 86 24 38 51 42 24 91 74 30 4 62 30 78 69 64 78 76 39 83 31 89 54 21 95 71 63 70 7 8 73 25 70 52 50 38 6 0 5 16 85 9
32 95 75 33 50 97 98 98 83 30 37 59 52 19 72 28 41 68 25 96 62 32 86 68 11 18 92 6 3 100 67 77 70 22 84 53 13 27 16 1 61 71 88 5 2 8 46 26 61 0 98 40 43 34 83 32 82 45 89 28 82 48 57 72 99 27 9 39 14 91 32 39 10 44 87 52 59 22 69 32 12 62 74 70 43 37 89 9 1 59 39 7 71 77 94 38 24 22 87 77
58 16 42 98 59 82 10 82 39 89 63 75 67 56 15 12 58 20 76 21 53 12 100 73 35 69 25 99 39 58 98 18 68 9 18 77 52 12 16 34 79 45 74 47 67 18 76 1 15 78 66 37 80 12 33 99 87 75 23 97 62 83 27 82 32 72 96 25 16 69 66 69 88 37 16 60 14 65 5 64 59 71 30 3 28 12 80 18 25 3 19 63 37 11 76 33 21 57 9 64
10 33 66 2 50 25 68 46 30 54 89 95 80 59 44 90 87 36 31 62 92 55 92 95 94 92 66 28 43 90 7 63 19 46 36 78 1 26 89 16 42 76 10 84 68 23 46 4 8 46 7 92 70 73 73 23 33 6 69 76 48 42 34 7 8 41 78 75 18 27 41 74 76 54 30 80 63 99 66 77 28 28 44 70 17 0 69 59 7 21 100 75 29 95 84 53 18 60 20 18
74 60 19 59 1 90 10 100 57 15 77 85 68 61 28 29 52 70 100 5 21 48 53 48 62 29 19 23 38 34 25 61 60 60 69 15 15 29 51 69 71 13 23 18 21 33 75 4 23 7 42 20 41 53 83 63 16 44 50 76 34 4 11 87 61 54 67 42 6 76 54 19 31 86 28 96 72 28 3 68 85 61 22 37 68 84 68 50 13 20 14 79 84 17 78 68 47 13 44 95
54 32 11 72 25 36 7 83 61 56 54 90 81 5 37 31 79 52 53 80 92 38 58 75 2 90 56 70 3 72 5 93 16 20 31 55 57 41 77 3 78 75 22 91 64 8 67 49 28 7 7 15 89 71 30 81 48 48 50 35 1 0 54 75 10 54 44 59 45 58 44 40 49 64 99 37 6 69 27 80 35 46 89 78 86 15 25 42 22 100 39 60 87 36 33 48 46 81 98 50
82 7 11 12 79 27 71 37 0 25 92 33 100 15 81 46 97 88 47 59 79 1 62 75 64 10 16 88 27 40 9 2 82 89 12 96 55 5 54 71 57 20 93 98 4 48 12 70 53 33 59 48 41 11 4 0 57 47 75 73 34 77 57 13 18 23 74 1 34 80 63 71 20 80 87 94 86 35 92 88 67 66 81 18 39 46 11 44 87 0 42 19 56 49 29 35 71 67 13 70
56 61 84 27 53 2 19 6 48 92 12 52 100 43 55 43 78 27 12 62 15 14 35 36 65 63 62 70 50 59 44 53 69 12 8 89 100 100 38 93 62 52 90 7 18 32 78 25 75 1 86 0 71 32 99 3 55 50 28 66 75 62 20 49 46 26 34 71 54 29 73 29 15 99 86 48 24 7 69 66 24 69 70 37 11 46 1 65 52 9 53 72 70 81 79 56 19 50 2 58
35 43 48 7 70 37 79 7 44 6 87 85 11 5 9 53 77 93 52 31 91 32 5 27 73 64 60 25 82 53 43 56 17 26 91 59 30 62 3 12 84 37 35 58 61 48 95 70 58 36 93 78 47 76 94 43 35 62 35 31 6 69 13 57 68 54 34 32 57 34 36 70 94 34 39 89 22 80 93 40 23 7 62 73 4 39 35 95 55 59 99 59 81 3 74 9 22 10 8 82
30 23 7 31 27 32 57 68 94 57 57 3 5 41 39 26 1 11 93 74 79 50 96 33 2 69 56 91 66 86 32 70 68 36 79 10 43 81 70 28 24 47 69 11 70 43 77 71 41 84 32 20 29 56 83 81 73 22 33 1 6 3 93 59 21 16 17 49 34 87 11 42 33 34 82 54 36 86 76 94 46 3 70 11 29 86 1 71 54 42 83 71 98 66 3 99 57 21 87 72
25 83 67 72 94 94 65 54 21 90 95 4 77 62 53 25 44 15 81 35 6 83 81 89 21 58 68 38 75 54 74 85 26 83 12 19 91 69 69 62 17 70 0 58 17 87 64 19 92 41 46 71 62 63 4 36 77 84 61 96 62 26 57 68 31 31 8 32 87 1 37 21 56 49 39 79 36 41 76 42 53 94 54 27 58 38 6 26 56 14 87 40 61 25 19 7 97 42 57 51
52 24 19 13 64 100 58 79 7 2 90 33 78 24 63 52 61 97 2 85 11 31 68 24 42 34 75 26 11 93 49 10 17 82 69 40 15 57 10 17 92 55 92 52 26 4 98 43 90 28 27 26 64 10 43 23 37 64 35 47 2 26 76 82 100 73 91 54 84 86 78 43 19 32 16 6 3 71 30 51 48 99 32 83 46 30 63 67 98 22 68 69 30 21 56 34 86 39 58 62
22 54 0 8 28 4 65 30 73 1 24 83 5 91 5 29 31 33 56 88 5 82 68 31 45 83 48 59 33 21 37 26 92 43 94 96 77 90 99 72 70 100 99 0 52 85 90 75 68 48 47 77 58 17 59 67 0 18 70 71 19 75 47 37 11 22 92 46 9 31 91 14 63 56 69 23 7 65 95 71 83 43 17 96 20 26 21 34 97 28 69 18 54 1 27 31 31 76 41 76
36 80 86 47 60 42 62 89 59 38 62 66 4 56 68 88 51 36 93 71 37 40 60 37 71 54 42 27 56 48 19 43 58 37 71 93 82 5 79 41 77 59 62 25 83 19 77 24 0 23 42 88 0 80 40 87 99 24 82 2 36 32 12 54 10 1 28 82 6 17 15 92 81 94 95 4 65 35 54 78 72 41 70 25 48 51 5 83 39 25 80 33 94 45 81 65 36 41 16 38
30 29 24 19 46 59 95 79 27 34 78 91 31 39 54 38 68 67 48 21 91 98 75 52 71 74 59 5 35 36 22 2 74 73 84 18 27 59 79 77 36 71 52 93 59 24 100 45 19 100 35 79 37 85 35 44 57 85 38 16 2 67 22 39 45 20 46 14 57 65 70 65 41 82 41 64 65 66 3 91 82 3 66 66 82 92 23 5 1 3 33 62 30 19 82 8 34 5 99 85
57 75 73 62 21 48 86 81 17 72 78 53 6 77 62 53 25 19 37 53 93 68 4 71 66 18 54 32 20 37 3 52 94 59 28 100 97 14 26 29 60 61 59 76 71 77 16 13 63 23 17 49 0 28 11 59 8 78 17 72 32 97 75 91 70 14 82 25 76 45 3 48 55 51 64 14 56 81 27 23 42 0 52 66 94 92 39 90 10 40 86 34 37 36 94 27 93 1 26 20
20 57 72 34 86 88 42 11 80 45 62 98 97 87 8 10 15 27 4 26 2 58 55 41 56 59 15 56 42 21 80 20 90 37 25 14 57 89 0 52 86 73 66 29 78 79 29 51 9 90 48 99 15 74 19 0 17 16 24 4 86 97 31 62 81 95 88 82 49 79 73 15 59 3 15 76 18 76 28 32 62 22 0 70 66 59 53 76 21 73 72 47 100 72 93 79 60 58 5 4
53 99 32 82 3 90 33 60 16 23 33 84 9 13 49 58 57 73 41 64 37 35 44 67 48 27 53 81 80 45 99 26 20 6 34 65 66 29 53 32 87 76 21 98 79 6 7 89 40 59 21 75 70 95 19 8 71 26 28 92 99 85 69 97 72 20 3 24 51 35 45 42 3 26 54 25 80 53 47 16 76 51 2 15 96 14 22 57 35 21 68 22 13 25 11 94 95 26 83 17
57 47 27 99 80 91 70 53 63 71 60 31 11 16 25 44 4 90 4 25 29 82 51 97 77 85 46 87 74 76 6 56 35 51 3 34 25 88 94 78 79 55 0 28 43 37 57 64 50 68 82 30 9 34 81 74 68 76 3 7 74 15 42 11 27 5 27 47 65 94 59 92 83 6 76 90 94 28 8 16 33 23 84 65 82 33 49 62 6 65 92 73 60 46 56 82 25 12 25 92
6 6 25 79 4 28 41 58 79 62 18 12 54 60 59 92 94 42 10 19 78 41 24 5 71 3 26 96 77 53 62 50 2 93 21 62 39 15 97 1 56 88 6 34 16 86 89 42 30 26 55 52 49 100 44 91 3 46 42 1 58 41 28 42 81 0 20 54 96 18 88 10 96 31 33 54 82 48 29 67 10 55 72 97 56 72 4 93 19 22 12 11 85 14 88 40 92 17 100 92
26 90 24 49 26 0 6 36 93 15 98 95 81 0 49 99 7 83 87 55 18 21 12 31 72 20 3 29 73 100 35 45 77 66 1 82 64 26 11 10 94 33 28 68 41 66 55 36 72 17 38 92 63 67 98 24 48 57 93 0 34 25 19 28 89 32 18 64 57 62 87 1 63 70 71 86 34 94 51 55 76 8 78 53 71 99 30 71 9 67 57 3 21 76 68 43 24 35 22 54
18 36 45 93 23 35 21 63 90 84 75 88 15 59 88 75 1 87 42 28 1 92 94 34 35 66 69 14 84 32 75 17 78 45 23 38 75 36 39 15 46 56 58 39 5 23 9 57 82 95 87 35 65 97 88 6 33 60 37 25 3 27 49 77 59 14 22 83 49 15 12 45 57 59 42 60 59 15 43 16 85 34 1 9 58 89 80 70 46 20 48 23 5 98 0 9 14 40 34 24
15 3 60 11 74 42 20 21 3 59 50 39 67 76 87 26 9 63 63 75 27 76 36 17 71 28 57 15 89 65 35 65 84 17 9 87 48 74 19 13 88 46 69 62 33 67 24 95 21 100 53 2 25 31 91 15 12 4 33 15 3 72 13 61 34 12 47 80 1 39 2 52 48 5 53 78 85 42 65 36 85 35 30 31 25 61 82 79 18 84 55 82 49 30 65 33 4 84 33 93
84 90 23 28 73 88 59 14 87 51 11 53 33 90 57 27 86 18 25 40 71 88 31 44 82 75 46 46 67 93 20 42 72 68 37 44 65 4 45 84 34 18 92 62 45 2 55 78 70 100 51 76 52 17 77 48 85 64 4 94 93 65 95 36 97 95 86 3 81 54 5 26 17 49 33 43 33 66 5 73 40 60 37 90 30 19 100 6 96 92 20 32 74 3 84 22 100 15 77 52
69 1 100 87 29 36 88 64 26 64 61 52 44 36 3 76 1 61 71 24 7 24 62 38 2 21 4 86 97 45 65 23 28 56 98 70 14 27 79 34 63 13 66 68 72 89 30 51 92 21 66 31 4 57 60 61 67 50 38 69 35 83 26 32 34 62 32 29 10 65 32 91 82 37 38 48 8 94 57 28 27 81 84 95 99 21 33 36 25 39 41 39 27 80 8 77 68 11 97 44
59 78 74 38 64 10 0 26 10 49 28 92 70 98 96 65 46 61 82 43 61 20 13 20 81 14 98 82 13 79 55 73 93 43 52 67 25 5 24 40 16 61 63 63 50 41 2 91 43 68 11 78 50 37 83 2 11 9 49 72 32 2 28 64 31 96 29 43 79 92 18 38 64 19 24 73 34 89 76 22 79 93 60 35 81 97 13 59 91 16 38 6 91 8 98 28 39 94 47 17
72 59 0 67 10 46 52 52 8 100 84 94 75 45 52 31 47 15 21 83 68 89 82 81 11 88 29 31 82 35 1 84 49 9 22 77 92 83 22 23 25 28 33 87 65 76 33 45 23 28 50 60 9 16 76 54 0 25 45 63 41 76 85 6 65 71 9 15 56 64 42 50 99 60 19 47 38 65 55 28 28 47 23 18 95 36 75 23 73 27 47 87 77 2 55 7 62 86 90 94
1 39 97 85 33 10 88 70 9 38 59 9 25 75 54 11 55 63 13 57 61 52 55 46 44 87 1 84 41 7 19 65 91 45 79 51 39 5 72 8 41 36 63 24 12 28 95 29 52 27 55 21 6 32 94 46 67 65 53 57 22 18 82 70 1 93 47 41 34 65 60 86 51 85 38 79 62 37 51 44 71 61 31 36 77 57 69 22 64 100 25 50 62 34 71 90 8 87 55 17
50 59 3 32 52 1 53 82 52 50 100 55 75 22 97 49 51 93 36 80 42 77 57 17 48 25 21 36 31 79 36 83 68 73 65 82 72 83 55 59 35 37 2 96 51 87 1 52 31 2 15 38 29 4 48 47 61 72 40 5 70 63 54 59 88 88 54 100 24 68 89 80 67 4 20 91 25 71 30 18 77 24 2 2 7 16 16 61 69 89 68 59 69 14 91 79 32 32 42 55
38 9 3 15 24 47 72 35 47 42 72 45 78 97 38 29 29 87 90 44 73 22 15 62 79 66 17 15 75 34 10 55 33 94 21 3 79 47 48 50 57 77 64 92 82 67 41 34 62 5 61 95 53 95 0 1 38 12 24 46 28 70 18 20 74 48 24 82 5 11 89 57 47 18 92 91 86 61 81 59 23 92 69 15 58 50 0 60 47 60 68 30 87 32 26 30 83 67 100 86
92 97 4 78 67 7 27 35 51 85 6 85 81 34 11 36 96 92 72 60 26 47 74 16 52 73 21 72 29 21 68 50 15 2 72 20 47 25 80 40 40 50 79 98 64 62 89 38 27 28 17 28 78 5 98 60 90 46 2 8 41 24 85 91 93 6 24 18 45 50 72 51 8 35 78 82 75 17 90 76 70 80 48 29 100 45 5 95 68 5 93 20 93 55 30 69 3 95 87 94
89 97 74 87 45 52 31 98 33 0 26 40 27 1 34 90 57 56 29 61 22 96 17 59 30 44 20 50 29 93 72 62 66 13 40 21 98 34 81 55 29 50 60 62 100 18 13 74 86 85 48 66 19 24 14 19 54 53 59 28 87 99 50 68 40 43 37 65 84 30 48 65 13 33 85 10 85 58 37 26 88 62 55 54 26 86 27 32 22 23 20 96 48 51 60 14 9 77 31 93
90 39 67 50 69 12 32 24 87 99 84 1 57 36 98 14 61 87 28 35 31 4 98 5 53 53 54 74 91 23 2 36 1 100 44 54 27 27 17 100 2 49 54 62 52 80 9 67 62 86 82 98 29 14 84 19 49 97 96 38 25 16 73 28 92 23 23 91 91 1 36 21 91 18 69 8 35 32 84 33 55 31 95 2 10 12 1 67 45 0 30 0 75 91 73 38 92 91 77 55
73 54 95 72 84 80 19 0 38 76 50 38 100 24 50 39 86 31 16 6 3 63 47 57 59 87 12 58 88 77 33 30 39 81 79 3 23 1 64 91 6 21 47 99 16 53 19 91 85 35 78 16 66 73 67 11 2 78 50 6 54 9 59 38 36 15 54 51 90 84 10 52 57 3 84 31 41 59 76 73 11 71 73 65 56 64 83 17 99 2 22 92 21 85 52 25 96 75 10 93
63 1 35 43 79 86 61 28 33 39 93 5 29 89 50 2 33 83 61 78 12 32 87 24 97 8 94 1 56 61 55 32 18 59 39 76 30 11 70 58 47 6 19 1 11 25 54 79 42 61 84 54 94 80 86 74 88 50 80 74 24 36 51 20 46 95 37 63 27 51 39 67 84 95 95 83 23 93 10 56 48 27 39 63 60 26 6 98 8 6 39 10 90 26 85 4 79 69 12 9
29 26 67 18 50 86 89 51 97 97 16 69 38 43 61 18 64 65 65 55 52 85 23 39 70 54 55 98 91 15 0 10 84 66 44 15 0 19 75 84 95 75 1 54 94 15 32 79 11 70 4 88 20 84 32 39 51 75 36 18 91 1 5 38 48 34 88 92 70 7 90 83 34 90 87 41 58 82 67 31 17 75 26 82 22 4 26 61 78 57 78 90 33 42 52 31 2 83 61 37
69 59 43 37 27 7 83 90 55 81 52 24 46 43 24 14 23 37 53 97 95 21 80 80 50 55 31 98 73 74 75 69 56 79 98 95 3 6 34 70 56 8 32 55 23 72 25 40 29 87 8 45 85 34 25 17 97 86 8 75 5 97 75 33 98 46 45 98 40 57 8 65 29 81 73 33 29 63 36 57 16 88 73 87 71 3 9 98 33 57 88 19 34 16 51 96 87 75 73 30
96 30 14 47 52 97 82 100 69 96 19 51 92 11 70 56 90 2 28 8 79 95 92 43 23 64 51 93 48 32 87 32 34 60 82 70 70 91 47 7 48 83 62 97 42 38 9 27 90 12 78 45 49 3 95 66 99 30 86 37 18 26 91 87 88 93 78 15 47 64 54 4 17 7 76 43 25 42 33 37 46 61 3 59 27 22 75 54 9 69 69 33 45 36 63 73 5 60 55 19
78 80 36 46 75 48 3 74 87 49 17 5 24 51 36 46 92 26 11 25 15 34 33 27 86 51 47 60 54 78 35 6 74 43 7 48 97 60 33 53 62 8 68 64 54 79 37 29 78 56 82 66 34 55 36 54 65 50 32 83 47 21 12 35 65 4 62 65 48 92 79 60 29 84 40 66 57 45 60 63 77 83 26 0 98 4 54 77 4 95 6 56 51 3 87 68 60 0 24 23
56 11 8 24 24 16 7 42 8 87 1 86 10 33 47 22 23 66 49 90 49 22 63 57 78 37 98 37 84 99 87 40 100 80 70 2 66 83 22 95 75 91 95 95 52 52 18 7 74 41 36 66 60 16 68 81 73 91 26 2 7 0 67 2 44 12 89 60 7 73 88 35 48 78 62 56 61 0 52 65 25 29 82 11 95 62 48 23 4 4 66 74 69 32 83 96 30 22 56 7
93 29 18 86 88 48 23 26 4 69 61 69 16 76 93 64 52 40 96 67 86 82 91 30 23 87 15 60 73 57 48 23 75 53 20 100 99 38 99 52 12 73 94 70 71 4 81 95 82 35 8 91 12 76 74 24 69 12 49 62 30 83 25 48 87 73 7 52 6 86 10 48 43 63 57 83 57 42 30 46 96 79 93 84 5 6 87 62 77 32 7 10 85 80 99 40 0 7 29 70
63 82 91 45 57 20 78 85 69 20 51 100 99 48 60 74 55 55 7 31 33 12 69 23 77 13 10 100 41 7 42 66 80 87 74 62 4 92 43 16 79 76 86 40 14 22 49 55 73 17 30 83 66 43 93 43 63 28 59 88 21 19 96 59 74 92 34 83 40 85 66 20 58 27 26 99 85 43 7 25 70 60 2 58 82 47 51 20 59 25 56 30 35 41 93 46 10 39 92 49
44 31 52 71 9 21 32 54 15 1 67 42 73 67 25 83 42 61 67 11 2 23 52 99 55 64 91 73 44 89 90 15 97 81 90 64 91 47 3 67 6 65 68 71 83 93 81 1 55 30 18 56 19 41 36 68 19 3 56 75 35 35 28 3 11 83 44 58 7 39 99 48 51 54 0 18 54 89 83 25 62 66 89 45 45 10 86 26 96 68 31 40 100 26 63 36 50 25 62 4
91 72 43 73 96 59 14 24 67 63 29 41 13 78 43 87 18 84 32 8 91 97 13 89 94 46 11 13 18 79 84 87 39 54 2 0 97 75 35 86 51 65 94 78 84 40 36 97 73 9 2 32 74 78 51 67 4 85 71 17 73 96 25 89 41 39 11 66 32 45 84 100 86 37 8 49 24 32 72 56 23 32 11 84 14 40 82 53 26 79 98 23 12 96 66 92 83 79 66 94
79 26 14 55 39 27 38 31 96 90 8 92 67 22 84 59 63 1 13 7 9 24 55 82 96 83 94 24 27 55 39 95 84 40 6 7 61 48 15 41 36 14 3 78 28 3 18 63 2 74 86 30 33 52 95 86 82 96 46 69 85 14 8 32 92 31 47 70 8 34 91 36 36 17 53 66 93 21 82 90 42 64 74 54 39 11 11 93 83 32 35 15 37 33 1 54 7 35 75 18
25 7 81 31 6 72 77 32 35 71 35 17 19 30 29 63 83 88 60 62 38 2 85 69 86 48 85 15 24 0 72 19 95 98 50 40 33 10 24 62 56 28 25 35 24 97 14 40 82 28 61 24 94 60 38 87 34 37 63 90 98 82 85 17 20 76 4 91 60 71 78 75 86 29 86 11 4 91 75 95 54 4 64 71 44 76 20 55 76 47 75 44 63 53 4 45 0 27 34 37
36 54 62 59 70 40 20 62 57 5 64 59 56 46 6 75 39 69 31 49 86 10 54 33 76 58 68 62 68 100 63 10 56 61 29 18 60 62 25 68 96 9 53 51 48 49 72 47 25 68 39 77 85 54 80 65 69 48 100 75 6 5 83 13 76 13 23 19 1 0 97 9 29 64 59 97 34 85 96 79 19 43 11 79 24 55 68 42 85 56 70 3 52 4 58 70 0 37 57 22
6 49 87 65 22 79 27 23 61 22 35 87 96 52 95 87 23 15 31 36 3 67 27 96 58 95 45 45 0 88 35 26 54 69 69 13 45 90 97 95 76 35 94 11 58 33 49 60 76 49 91 8 1 56 40 97 30 68 88 89 81 26 94 79 20 88 28 24 81 69 26 64 32 35 20 81 1 79 92 86 52 75 27 100 18 35 19 72 47 46 85 31 84 53 79 56 41 60 73 96
14 41 49 70 77 69 18 85 13 4 64 66 70 96 5 60 74 13 71 82 43 58 66 77 36 14 25 56 99 18 36 1 60 40 40 64 54 28 75 8 3 73 12 53 99 25 46 96 100 42 88 56 41 47 98 40 22 63 27 82 65 2 28 62 83 33 5 38 16 46 80 89 18 52 32 72 18 4 59 64 27 56 34 50 63 82 82 42 59 53 39 40 72 34 60 31 68 71 52 11
76 7 17 59 25 57 43 77 45 18 80 33 49 11 96 95 37 80 34 42 59 75 79 18 74 1 46 95 37 94 7 49 94 98 13 69 40 33 36 61 19 20 35 76 44 20 0 72 66 1 42 27 52 61 76 14 78 84 5 54 100 63 96 30 65 64 38 48 99 43 81 56 3 52 9 48 19 16 82 88 66 22 20 21 14 68 20 60 65 50 72 8 62 81 33 91 1 44 69 52
48 24 47 50 95 72 59 75 51 73 75 9 50 57 17 62 78 55 3 15 16 89 59 43 26 14 24 74 33 25 39 57 100 93 12 14 59 43 91 44 41 90 80 17 73 32 48 16 29 26 47 74 0 100 66 24 97 69 22 39 38 79 83 35 18 55 70 30 55 81 55 69 93 97 44 65 31 60 87 11 64 18 57 86 58 93 4 100 65 2 83 81 44 77 60 84 98 57 97 27
13 70 19 21 78 89 70 82 59 43 55 60 62 58 71 76 64 38 33 1 41 20 67 73 47 90 41 30 31 74 31 21 67 3 82 91 57 45 29 85 25 31 0 35 5 30 1 95 40 77 63 72 16 44 92 99 42 7 10 51 55 14 17 98 79 29 62 78 96 21 59 90 42 46 86 23 51 53 35 63 24 28 78 93 49 65 64 57 66 97 38 5 38 92 54 66 58 8 97 90
21 5 49 21 22 99 56 18 97 64 28 68 9 78 78 68 84 90 36 89 60 35 21 38 75 44 67 27 71 11 31 47 12 55 4 35 59 88 26 13 5 34 12 15 79 81 43 82 71 12 7 96 99 6 90 91 25 58 2 59 58 2 72 91 45 32 48 50 98 57 35 59 63 13 8 65 59 74 67 73 85 34 70 92 90 70 100 23 19 39 100 8 2 10 48 42 77 36 70 66
84 46 47 53 9 94 53 61 27 49 41 86 53 15 14 64 71 22 26 39 20 86 76 91 64 0 72 79 34 95 100 53 8 6 72 2 26 43 62 54 76 12 100 9 3 31 24 45 50 31 56 31 22 91 78 32 36 31 84 12 74 16 30 49 11 58 6 59 89 51 68 21 75 77 77 77 3 95 7 84 97 1 23 90 44 76 42 21 63 45 88 98 45 8 72 59 37 80 52 71
51 66 1 59 65 30 55 72 53 21 52 54 1 80 60 79 39 61 90 5 64 57 67 4 40 81 100 97 43 8 9 40 68 7 80 83 48 45 69 81 45 70 25 28 6 93 60 23 42 82 79 13 31 94 30 98 5 51 64 80 45 79 44 2 87 18 52 30 20 73 90 25 75 68 62 72 66 39 49 80 98 47 88 89 6 49 63 70 48 8 64 41 87 24 11 23 0 31 11 69
63 40 36 72 3 70 10 95 97 22 84 78 31 54 8 66 12 35 14 76 28 12 84 62 93 61 15 55 93 4 24 97 25 48 14 64 20 3 12 26 67 10 80 60 38 58 57 67 4 69 94 70 19 14 26 72 93 25 21 91 78 17 27 69 89 85 92 82 92 0 9 84 77 60 61 1 9 19 80 40 76 71 25 51 51 94 18 38 48 38 17 6 0 95 79 64 35 36 10 41
75 98 19 59 66 1 99 31 19 29 37 16 82 67 38 49 12 83 69 40 4 80 66 10 38 9 33 79 11 48 8 2 20 7 12 32 85 23 66 5 53 63 21 42 79 9 28 48 47 94 41 75 22 69 35 78 85 3 77 89 56 89 23 69 17 26 60 4 92 33 60 75 44 59 18 24 85 94 8 76 45 31 47 62 44 40 32 71 4 29 68 34 78 65 44 79 74 21 3 94
13 1 51 8 81 22 74 80 62 16 73 60 96 77 51 85 81 81 37 93 60 7 3 61 37 8 23 24 71 3 84 93 31 90 86 55 37 53 97 76 76 34 70 7 39 41 32 37 84 91 22 48 36 47 61 100 2 79 70 57 61 43 36 82 79 94 48 100 77 29 81 25 32 65 17 76 95 42 87 64 10 71 94 80 37 42 92 41 63 51 50 55 40 78 88 75 81 3 85 47
89 69 14 11 30 3 6 85 49 62 85 29 74 77 95 99 43 50 15 84 93 96 70 59 97 39 12 15 18 68 33 67 13 14 50 3 77 34 54 45 27 26 68 42 19 24 11 78 89 89 19 88 50 63 81 77 90 35 79 84 84 26 98 98 10 31 5 39 99 44 7 51 11 52 12 83 56 91 32 54 88 19 67 92 10 51 39 4 14 47 53 11 51 36 34 81 25 18 47 94
16 66 89 60 18 72 71 2 36 26 88 7 44 94 89 69 73 13 63 0 42 14 50 4 50 20 48 81 34 84 17 88 70 50 55 90 3 84 89 4 87 38 73 0 19 17 87 71 58 87 85 42 66 77 43 54 3 55 22 13 30 62 20 9 90 21 94 12 46 58 100 33 44 39 84 23 9 60 58 1 4 78 80 89 21 14 82 63 19 0 66 36 83 57 41 5 79 77 66 88
13 18 34 1 81 5 45 30 66 65 59 26 68 1 4 61 78 83 78 93 96 22 84 99 94 73 2 0 35 8 97 50 60 41 71 49 53 3 37 1 50 34 31 23 81 94 11 33 36 82 19 56 21 32 99 59 93 75 82 63 37 80 79 78 64 59 66 24 94 49 40 38 93 20 31 9 27 9 24 42 82 6 13 47 91 71 69 28 67 9 26 6 9 76 4 72 38 51 57 91
57 13 39 93 54 73 34 61 70 51 26 88 13 21 46 70 24 22 61 34 73 62 42 16 95 44 50 56 80 43 7 28 67 59 8 77 62 88 85 52 51 27 82 79 58 0 13 83 41 65 16 6 6 49 29 18 98 95 4 72 29 10 57 36 67 67 24 43 29 70 54 62 77 60 55 84 75 1 89 45 55 13 75 12 32 56 67 87 22 49 67 32 74 23 84 24 1 26 2 28
32 77 66 76 52 46 23 92 90 78 27 19 0 17 96 44 93 39 12 23 58 10 56 1 45 84 98 95 26 57 65 8 13 19 51 40 36 44 0 43 51 5 42 35 2 53 52 38 80 61 4 34 75 41 100 63 15 7 5 79 67 11 93 3 48 48 89 75 30 58 93 44 12 77 72 66 58 33 42 89 58 2 92 95 92 58 3 13 4 22 17 2 23 95 3 66 27 67 63 88
28 43 54 49 73 15 35 81 26 61 31 44 80 22 75 43 51 89 36 60 3 24 43 95 32 13 46 36 99 61 62 93 76 23 29 7 74 88 35 69 98 92 51 36 2 33 67 3 2 64 68 92 56 31 88 19 45 46 75 96 77 26 97 25 54 65 43 38 87 83 58 7 16 36 86 72 38 27 95 97 77 48 45 75 8 14 80 85 8 76 97 43 93 67 73 98 4 100 11 68
63 57 34 84 74 30 38 34 43 64 84 94 70 69 41 86 91 42 48 37 60 42 46 100 39 99 24 42 11 18 54 95 0 59 89 10 37 54 33 68 80 7 79 80 15 5 76 27 100 64 99 13 41 82 3 93 16 3 34 90 74 81 41 1 100 67 37 58 9 3 90 66 71 56 47 41 95 45 73 40 27 5 18 48 8 88 100 66 26 94 45 20 64 11 74 65 10 11 16 56
85 58 86 7 68 50 92 14 51 80 96 95 23 58 33 10 24 84 58 31 94 50 54 91 72 88 65 54 55 61 91 1 59 82 21 46 18 49 67 98 75 15 30 6 25 39 84 57 46 9 96 76 41 60 2 100 92 86 43 27 87 35 49 25 61 97 24 59 76 56 96 48 26 21 49 41 5 9 11 56 2 26 42 55 33 53 63 74 22 48 27 52 1 66 46 21 22 69 29 36
